Reconstructed HDP distribution tree:
(0,)
    (0, 0)
        (0, 0, 0)
            labels
                None
            weights
                Tensor: tensor([1.1755e-38, 1.1755e-38, 1.3443e-01, 8.6557e-01, 5.1592e-08, 3.0751e-15,
        1.8329e-22, 1.0925e-29, 0.0000e+00, 6.5119e-37])
            true_labels
                Tensor: tensor([[1., 0., 0., 0., 2., 0., 2., 2., 2., 0., 2., 2., 2., 0., 2., 2., 0., 0.,
         2., 2., 0., 2., 2., 2., 2., 2., 2., 0., 0., 0., 0., 2., 2., 0., 0., 0.,
         2., 2., 0., 2., 2., 0., 2., 0., 2., 2., 0., 2., 0., 0.]])
        (0, 0, 1)
            labels
                Tensor: tensor([ 0,  1,  2,  3,  4,  5,  7,  8, 10, 11, 12, 13, 14, 15, 16, 17, 18, 20,
        21, 22, 23, 24, 25, 27, 29, 31, 33, 34, 35, 36, 39, 40, 41, 42, 43, 45,
        46, 47, 48, 49])
            weights
                Tensor: tensor([7.2597e-04, 8.1829e-04, 1.3361e-01, 8.6382e-01, 6.5704e-04, 1.5478e-04,
        1.0540e-04, 6.9113e-05, 2.9336e-05, 1.1797e-05])
            true_labels
                Tensor: tensor([1., 0., 0., 0., 2., 0., 2., 2., 2., 2., 2., 0., 2., 2., 0., 0., 2., 0.,
        2., 2., 2., 2., 2., 0., 0., 2., 0., 0., 0., 2., 2., 2., 0., 2., 0., 2.,
        0., 2., 0., 0.])
        (0, 0, 2)
            labels
                None
            weights
                Tensor: tensor([1.1755e-38, 4.3732e-20, 8.9484e-13, 1.0000e+00, 0.0000e+00, 5.8069e-08,
        7.6805e-10, 7.6805e-10, 2.2773e-33, 0.0000e+00])
            true_labels
                Tensor: tensor([[1., 0., 0., 0., 2., 0., 2., 2., 2., 0., 2., 2., 2., 0., 2., 2., 0., 0.,
         2., 2., 0., 2., 2., 2., 2., 2., 2., 0., 0., 0., 0., 2., 2., 0., 0., 0.,
         2., 2., 0., 2., 2., 0., 2., 0., 2., 2., 0., 2., 0., 0.]])
        (0, 0, 3)
            labels
                None
            weights
                Tensor: tensor([1.1755e-38, 1.1755e-38, 2.1072e-02, 9.7893e-01, 0.0000e+00, 0.0000e+00,
        0.0000e+00, 0.0000e+00, 0.0000e+00, 5.8349e-08])
            true_labels
                Tensor: tensor([[1., 0., 0., 0., 2., 0., 2., 2., 2., 0., 2., 2., 2., 0., 2., 2., 0., 0.,
         2., 2., 0., 2., 2., 2., 2., 2., 2., 0., 0., 0., 0., 2., 2., 0., 0., 0.,
         2., 2., 0., 2., 2., 0., 2., 0., 2., 2., 0., 2., 0., 0.]])
        (0, 0, 4)
            labels
                None
            weights
                Tensor: tensor([1.1755e-38, 2.0476e-19, 9.0131e-27, 1.0000e+00, 0.0000e+00, 5.8069e-08,
        7.6805e-10, 7.6805e-10, 2.2773e-33, 0.0000e+00])
            true_labels
                Tensor: tensor([[1., 0., 0., 0., 2., 0., 2., 2., 2., 0., 2., 2., 2., 0., 2., 2., 0., 0.,
         2., 2., 0., 2., 2., 2., 2., 2., 2., 0., 0., 0., 0., 2., 2., 0., 0., 0.,
         2., 2., 0., 2., 2., 0., 2., 0., 2., 2., 0., 2., 0., 0.]])
        (0, 0, 5)
            labels
                Tensor: tensor([ 9, 19, 26, 28, 30, 32, 37, 38, 44])
            weights
                Tensor: tensor([6.8916e-04, 8.2706e-04, 1.3383e-01, 8.6359e-01, 6.8419e-04, 1.7112e-04,
        1.0511e-04, 5.9915e-05, 3.0587e-05, 1.2912e-05])
            true_labels
                Tensor: tensor([0., 2., 2., 0., 0., 2., 2., 0., 2.])
(1,)
    (1, 0)
        (1, 0, 0)
            labels
                Tensor: tensor([6])
            weights
                Tensor: tensor([6.6520e-04, 7.8490e-04, 1.3804e-01, 8.5944e-01, 6.7512e-04, 1.7570e-04,
        1.0752e-04, 6.9606e-05, 3.5628e-05, 8.1358e-06])
            true_labels
                Tensor: tensor([2.])
    (1, 2)
        (1, 2, 0)
            labels
                None
            weights
                Tensor: tensor([1.1755e-38, 2.9441e-18, 1.1755e-38, 1.0000e+00, 0.0000e+00, 5.8069e-08,
        7.6805e-10, 7.6805e-10, 2.2773e-33, 0.0000e+00])
            true_labels
                Tensor: tensor([[1., 0., 0., 0., 2., 0., 2., 2., 2., 0., 2., 2., 2., 0., 2., 2., 0., 0.,
         2., 2., 0., 2., 2., 2., 2., 2., 2., 0., 0., 0., 0., 2., 2., 0., 0., 0.,
         2., 2., 0., 2., 2., 0., 2., 0., 2., 2., 0., 2., 0., 0.]])
(2,)
    (2, 0)
        (2, 0, 0)
            labels
                None
            weights
                Tensor: tensor([1.1755e-38, 1.1755e-38, 1.1755e-38, 1.0000e+00, 0.0000e+00, 0.0000e+00,
        0.0000e+00, 0.0000e+00, 0.0000e+00, 5.9605e-08])
            true_labels
                Tensor: tensor([[1., 0., 0., 0., 2., 0., 2., 2., 2., 0., 2., 2., 2., 0., 2., 2., 0., 0.,
         2., 2., 0., 2., 2., 2., 2., 2., 2., 0., 0., 0., 0., 2., 2., 0., 0., 0.,
         2., 2., 0., 2., 2., 0., 2., 0., 2., 2., 0., 2., 0., 0.]])
