Reconstructed HDP distribution tree:
(0,)
    (0, 0)
        (0, 0, 0)
            labels
                None
            weights
                Tensor: tensor([1.1755e-38, 1.1755e-38, 5.6729e-09, 1.0000e+00, 0.0000e+00, 5.9605e-08,
        3.5527e-15, 1.0588e-22, 1.0586e-22, 1.6124e-26])
            true_labels
                Tensor: tensor([[2., 0., 2., 2., 1., 2., 0., 0., 0., 2., 2., 2., 0., 2., 0., 2., 0., 2.,
         0., 2., 0., 0., 0., 2., 0., 0., 0., 0., 0., 2., 2., 2., 0., 1., 2., 2.,
         2., 0., 2., 2., 0., 0., 2., 0., 0., 2., 0., 1., 0., 0.]])
        (0, 0, 1)
            labels
                Tensor: tensor([ 0,  1,  2,  3,  4,  6,  7,  8,  9, 10, 12, 13, 14, 15, 16, 17, 18, 19,
        20, 21, 22, 23, 24, 25, 26, 28, 29, 30, 31, 32, 33, 34, 36, 38, 39, 40,
        42, 43, 46, 49])
            weights
                Tensor: tensor([7.2922e-04, 8.1637e-04, 1.3364e-01, 8.6380e-01, 6.5544e-04, 1.5180e-04,
        1.0222e-04, 6.9170e-05, 3.0588e-05, 1.1844e-05])
            true_labels
                Tensor: tensor([2., 0., 2., 2., 1., 0., 0., 0., 2., 2., 0., 2., 0., 2., 0., 2., 0., 2.,
        0., 0., 0., 2., 0., 0., 0., 0., 2., 2., 2., 0., 1., 2., 2., 2., 2., 0.,
        2., 0., 0., 0.])
        (0, 0, 2)
            labels
                None
            weights
                Tensor: tensor([1.1755e-38, 1.1755e-38, 5.0320e-12, 1.0000e+00, 5.9605e-08, 1.7764e-15,
        1.7764e-15, 0.0000e+00, 0.0000e+00, 1.0588e-22])
            true_labels
                Tensor: tensor([[2., 0., 2., 2., 1., 2., 0., 0., 0., 2., 2., 2., 0., 2., 0., 2., 0., 2.,
         0., 2., 0., 0., 0., 2., 0., 0., 0., 0., 0., 2., 2., 2., 0., 1., 2., 2.,
         2., 0., 2., 2., 0., 0., 2., 0., 0., 2., 0., 1., 0., 0.]])
        (0, 0, 3)
            labels
                None
            weights
                Tensor: tensor([1.1755e-38, 1.1755e-38, 1.5656e-05, 9.9998e-01, 0.0000e+00, 2.9802e-08,
        2.9802e-08, 0.0000e+00, 0.0000e+00, 1.7763e-15])
            true_labels
                Tensor: tensor([[2., 0., 2., 2., 1., 2., 0., 0., 0., 2., 2., 2., 0., 2., 0., 2., 0., 2.,
         0., 2., 0., 0., 0., 2., 0., 0., 0., 0., 0., 2., 2., 2., 0., 1., 2., 2.,
         2., 0., 2., 2., 0., 0., 2., 0., 0., 2., 0., 1., 0., 0.]])
        (0, 0, 4)
            labels
                None
            weights
                Tensor: tensor([1.1755e-38, 1.1755e-38, 3.1412e-24, 1.0000e+00, 5.9605e-08, 1.7764e-15,
        1.7764e-15, 0.0000e+00, 0.0000e+00, 1.0588e-22])
            true_labels
                Tensor: tensor([[2., 0., 2., 2., 1., 2., 0., 0., 0., 2., 2., 2., 0., 2., 0., 2., 0., 2.,
         0., 2., 0., 0., 0., 2., 0., 0., 0., 0., 0., 2., 2., 2., 0., 1., 2., 2.,
         2., 0., 2., 2., 0., 0., 2., 0., 0., 2., 0., 1., 0., 0.]])
        (0, 0, 5)
            labels
                Tensor: tensor([ 5, 27, 41, 44, 45, 47, 48])
            weights
                Tensor: tensor([6.9729e-04, 8.2172e-04, 1.3391e-01, 8.6352e-01, 6.8018e-04, 1.6462e-04,
        9.7079e-05, 6.0075e-05, 3.3835e-05, 1.2482e-05])
            true_labels
                Tensor: tensor([2., 0., 0., 0., 2., 1., 0.])
(1,)
    (1, 0)
        (1, 0, 0)
            labels
                Tensor: tensor([11, 35, 37])
            weights
                Tensor: tensor([6.8374e-04, 7.7483e-04, 1.3821e-01, 8.5929e-01, 6.6541e-04, 1.6235e-04,
        9.2001e-05, 6.9229e-05, 4.2199e-05, 6.9235e-06])
            true_labels
                Tensor: tensor([2., 2., 0.])
    (1, 2)
        (1, 2, 0)
            labels
                None
            weights
                Tensor: tensor([1.1755e-38, 1.1755e-38, 6.1286e-07, 1.0000e+00, 5.9605e-08, 1.7764e-15,
        1.7764e-15, 0.0000e+00, 0.0000e+00, 1.0588e-22])
            true_labels
                Tensor: tensor([[2., 0., 2., 2., 1., 2., 0., 0., 0., 2., 2., 2., 0., 2., 0., 2., 0., 2.,
         0., 2., 0., 0., 0., 2., 0., 0., 0., 0., 0., 2., 2., 2., 0., 1., 2., 2.,
         2., 0., 2., 2., 0., 0., 2., 0., 0., 2., 0., 1., 0., 0.]])
(2,)
    (2, 0)
        (2, 0, 0)
            labels
                None
            weights
                Tensor: tensor([1.1755e-38, 1.1755e-38, 1.1755e-38, 1.0000e+00, 0.0000e+00, 2.9802e-08,
        2.9802e-08, 0.0000e+00, 0.0000e+00, 1.7764e-15])
            true_labels
                Tensor: tensor([[2., 0., 2., 2., 1., 2., 0., 0., 0., 2., 2., 2., 0., 2., 0., 2., 0., 2.,
         0., 2., 0., 0., 0., 2., 0., 0., 0., 0., 0., 2., 2., 2., 0., 1., 2., 2.,
         2., 0., 2., 2., 0., 0., 2., 0., 0., 2., 0., 1., 0., 0.]])
