Reconstructed HDP distribution tree:
(0,)
    (0, 0)
        (0, 0, 0)
            labels
                None
            weights
                Tensor: tensor([1.1755e-38, 1.1755e-38, 4.5622e-08, 1.0000e+00, 0.0000e+00, 1.6054e-31,
        5.9605e-08, 0.0000e+00, 1.7764e-15, 0.0000e+00])
            true_labels
                Tensor: tensor([[0., 2., 0., 2., 0., 1., 0., 0., 2., 2., 0., 2., 2., 0., 0., 2., 0., 2.,
         0., 0., 0., 0., 0., 1., 0., 0., 2., 2., 0., 1., 2., 0., 0., 0., 2., 2.,
         2., 2., 2., 2., 0., 2., 2., 0., 2., 0., 0., 2., 2., 0.]])
        (0, 0, 1)
            labels
                Tensor: tensor([ 0,  1,  2,  3,  4,  5,  6,  7,  8,  9, 11, 12, 13, 15, 17, 18, 19, 20,
        21, 22, 23, 24, 25, 27, 28, 29, 30, 31, 32, 33, 34, 35, 36, 37, 40, 41,
        42, 44, 45, 46, 48, 49])
            weights
                Tensor: tensor([7.3468e-04, 8.0678e-04, 1.3361e-01, 8.6384e-01, 6.3811e-04, 1.4693e-04,
        1.0503e-04, 7.1744e-05, 2.8680e-05, 1.1621e-05])
            true_labels
                Tensor: tensor([0., 2., 0., 2., 0., 1., 0., 0., 2., 2., 2., 2., 0., 2., 2., 0., 0., 0.,
        0., 0., 1., 0., 0., 2., 0., 1., 2., 0., 0., 0., 2., 2., 2., 2., 0., 2.,
        2., 2., 0., 0., 2., 0.])
        (0, 0, 2)
            labels
                None
            weights
                Tensor: tensor([1.3990e-38, 1.1755e-38, 2.0447e-04, 9.9980e-01, 5.9592e-08, 6.8790e-21,
        0.0000e+00, 1.7760e-15, 0.0000e+00, 1.7759e-15])
            true_labels
                Tensor: tensor([[0., 2., 0., 2., 0., 1., 0., 0., 2., 2., 0., 2., 2., 0., 0., 2., 0., 2.,
         0., 0., 0., 0., 0., 1., 0., 0., 2., 2., 0., 1., 2., 0., 0., 0., 2., 2.,
         2., 2., 2., 2., 0., 2., 2., 0., 2., 0., 0., 2., 2., 0.]])
        (0, 0, 3)
            labels
                None
            weights
                Tensor: tensor([4.8534e-35, 1.1755e-38, 1.7881e-06, 1.0000e+00, 0.0000e+00, 0.0000e+00,
        0.0000e+00, 5.9605e-08, 0.0000e+00, 3.5527e-15])
            true_labels
                Tensor: tensor([[0., 2., 0., 2., 0., 1., 0., 0., 2., 2., 0., 2., 2., 0., 0., 2., 0., 2.,
         0., 0., 0., 0., 0., 1., 0., 0., 2., 2., 0., 1., 2., 0., 0., 0., 2., 2.,
         2., 2., 2., 2., 0., 2., 2., 0., 2., 0., 0., 2., 2., 0.]])
        (0, 0, 4)
            labels
                None
            weights
                Tensor: tensor([4.8054e-38, 1.1755e-38, 2.9194e-09, 1.0000e+00, 5.9605e-08, 6.8804e-21,
        0.0000e+00, 1.7764e-15, 0.0000e+00, 1.7762e-15])
            true_labels
                Tensor: tensor([[0., 2., 0., 2., 0., 1., 0., 0., 2., 2., 0., 2., 2., 0., 0., 2., 0., 2.,
         0., 0., 0., 0., 0., 1., 0., 0., 2., 2., 0., 1., 2., 0., 0., 0., 2., 2.,
         2., 2., 2., 2., 0., 2., 2., 0., 2., 0., 0., 2., 2., 0.]])
        (0, 0, 5)
            labels
                Tensor: tensor([14, 16, 26, 39, 43, 47])
            weights
                Tensor: tensor([7.1413e-04, 7.9508e-04, 1.3369e-01, 8.6381e-01, 6.3600e-04, 1.4992e-04,
        1.0435e-04, 6.6116e-05, 2.9190e-05, 1.2422e-05])
            true_labels
                Tensor: tensor([0., 0., 2., 2., 0., 2.])
(1,)
    (1, 0)
        (1, 0, 0)
            labels
                Tensor: tensor([10, 38])
            weights
                Tensor: tensor([7.2164e-04, 7.1790e-04, 1.3766e-01, 8.5995e-01, 5.7956e-04, 1.3563e-04,
        1.0531e-04, 8.3478e-05, 3.1167e-05, 7.1763e-06])
            true_labels
                Tensor: tensor([0., 2.])
    (1, 2)
        (1, 2, 0)
            labels
                None
            weights
                Tensor: tensor([6.4091e-37, 1.1755e-38, 1.1755e-38, 1.0000e+00, 5.9605e-08, 6.8804e-21,
        0.0000e+00, 1.7764e-15, 0.0000e+00, 1.7762e-15])
            true_labels
                Tensor: tensor([[0., 2., 0., 2., 0., 1., 0., 0., 2., 2., 0., 2., 2., 0., 0., 2., 0., 2.,
         0., 0., 0., 0., 0., 1., 0., 0., 2., 2., 0., 1., 2., 0., 0., 0., 2., 2.,
         2., 2., 2., 2., 0., 2., 2., 0., 2., 0., 0., 2., 2., 0.]])
(2,)
    (2, 0)
        (2, 0, 0)
            labels
                None
            weights
                Tensor: tensor([1.1755e-38, 1.1755e-38, 1.1755e-38, 1.0000e+00, 0.0000e+00, 0.0000e+00,
        0.0000e+00, 5.9605e-08, 0.0000e+00, 3.5527e-15])
            true_labels
                Tensor: tensor([[0., 2., 0., 2., 0., 1., 0., 0., 2., 2., 0., 2., 2., 0., 0., 2., 0., 2.,
         0., 0., 0., 0., 0., 1., 0., 0., 2., 2., 0., 1., 2., 0., 0., 0., 2., 2.,
         2., 2., 2., 2., 0., 2., 2., 0., 2., 0., 0., 2., 2., 0.]])
