Reconstructed HDP distribution tree:
(0,)
    (0, 0)
        (0, 0, 0)
            labels
                None
            weights
                Tensor: tensor([1.1160e-09, 1.1755e-38, 1.1788e-02, 9.8821e-01, 5.8902e-08, 1.7554e-15,
        8.7771e-16, 8.7771e-16, 0.0000e+00, 5.2316e-23])
            true_labels
                Tensor: tensor([[2., 0., 2., 2., 0., 0., 2., 0., 0., 0., 0., 0., 0., 0., 2., 2., 0., 2.,
         2., 2., 0., 0., 2., 2., 2., 2., 0., 2., 0., 0., 0., 2., 0., 0., 0., 2.,
         0., 0., 2., 2., 2., 2., 0., 0., 0., 2., 0., 2., 0., 0.]])
        (0, 0, 1)
            labels
                Tensor: tensor([ 0,  1,  3,  4,  5,  6,  7,  8,  9, 10, 12, 13, 14, 16, 17, 18, 19, 21,
        22, 25, 26, 28, 29, 30, 31, 32, 33, 34, 35, 36, 37, 39, 40, 41, 42, 43,
        44, 45, 46, 47, 48, 49])
            weights
                Tensor: tensor([7.3731e-04, 8.1451e-04, 1.3350e-01, 8.6393e-01, 6.5112e-04, 1.5075e-04,
        1.0410e-04, 7.4665e-05, 2.9621e-05, 1.0736e-05])
            true_labels
                Tensor: tensor([2., 0., 2., 0., 0., 2., 0., 0., 0., 0., 0., 0., 2., 0., 2., 2., 2., 0.,
        2., 2., 0., 0., 0., 0., 2., 0., 0., 0., 2., 0., 0., 2., 2., 2., 0., 0.,
        0., 2., 0., 2., 0., 0.])
        (0, 0, 2)
            labels
                None
            weights
                Tensor: tensor([1.4503e-09, 1.1755e-38, 4.9582e-05, 9.9995e-01, 2.9801e-08, 1.4900e-08,
        7.4502e-09, 7.4502e-09, 4.4407e-16, 5.5650e-33])
            true_labels
                Tensor: tensor([[2., 0., 2., 2., 0., 0., 2., 0., 0., 0., 0., 0., 0., 0., 2., 2., 0., 2.,
         2., 2., 0., 0., 2., 2., 2., 2., 0., 2., 0., 0., 0., 2., 0., 0., 0., 2.,
         0., 0., 2., 2., 2., 2., 0., 0., 0., 2., 0., 2., 0., 0.]])
        (0, 0, 3)
            labels
                None
            weights
                Tensor: tensor([6.3435e-09, 1.1755e-38, 1.5154e-02, 9.8484e-01, 1.5849e-06, 9.4470e-14,
        0.0000e+00, 0.0000e+00, 0.0000e+00, 0.0000e+00])
            true_labels
                Tensor: tensor([[2., 0., 2., 2., 0., 0., 2., 0., 0., 0., 0., 0., 0., 0., 2., 2., 0., 2.,
         2., 2., 0., 0., 2., 2., 2., 2., 0., 2., 0., 0., 0., 2., 0., 0., 0., 2.,
         0., 0., 2., 2., 2., 2., 0., 0., 0., 2., 0., 2., 0., 0.]])
        (0, 0, 4)
            labels
                None
            weights
                Tensor: tensor([4.1808e-09, 1.1755e-38, 1.2966e-08, 1.0000e+00, 2.9802e-08, 1.4901e-08,
        7.4506e-09, 7.4506e-09, 4.4409e-16, 5.5653e-33])
            true_labels
                Tensor: tensor([[2., 0., 2., 2., 0., 0., 2., 0., 0., 0., 0., 0., 0., 0., 2., 2., 0., 2.,
         2., 2., 0., 0., 2., 2., 2., 2., 0., 2., 0., 0., 0., 2., 0., 0., 0., 2.,
         0., 0., 2., 2., 2., 2., 0., 0., 0., 2., 0., 2., 0., 0.]])
        (0, 0, 5)
            labels
                Tensor: tensor([15, 20, 23, 24, 27, 38])
            weights
                Tensor: tensor([7.1839e-04, 8.1370e-04, 1.3345e-01, 8.6397e-01, 6.6832e-04, 1.6050e-04,
        1.0185e-04, 7.3387e-05, 3.1451e-05, 9.8972e-06])
            true_labels
                Tensor: tensor([2., 0., 2., 2., 2., 2.])
(1,)
    (1, 0)
        (1, 0, 0)
            labels
                Tensor: tensor([ 2, 11])
            weights
                Tensor: tensor([7.3184e-04, 7.5542e-04, 1.3722e-01, 8.6026e-01, 6.4475e-04, 1.5415e-04,
        9.8715e-05, 1.0173e-04, 3.3668e-05, 3.9500e-06])
            true_labels
                Tensor: tensor([2., 0.])
    (1, 2)
        (1, 2, 0)
            labels
                None
            weights
                Tensor: tensor([3.3269e-08, 1.1755e-38, 4.6406e-13, 1.0000e+00, 2.9802e-08, 1.4901e-08,
        7.4506e-09, 7.4506e-09, 4.4409e-16, 5.5653e-33])
            true_labels
                Tensor: tensor([[2., 0., 2., 2., 0., 0., 2., 0., 0., 0., 0., 0., 0., 0., 2., 2., 0., 2.,
         2., 2., 0., 0., 2., 2., 2., 2., 0., 2., 0., 0., 0., 2., 0., 0., 0., 2.,
         0., 0., 2., 2., 2., 2., 0., 0., 0., 2., 0., 2., 0., 0.]])
(2,)
    (2, 0)
        (2, 0, 0)
            labels
                None
            weights
                Tensor: tensor([1.1526e-09, 1.1755e-38, 1.1755e-38, 1.0000e+00, 5.9605e-08, 3.5527e-15,
        0.0000e+00, 0.0000e+00, 0.0000e+00, 0.0000e+00])
            true_labels
                Tensor: tensor([[2., 0., 2., 2., 0., 0., 2., 0., 0., 0., 0., 0., 0., 0., 2., 2., 0., 2.,
         2., 2., 0., 0., 2., 2., 2., 2., 0., 2., 0., 0., 0., 2., 0., 0., 0., 2.,
         0., 0., 2., 2., 2., 2., 0., 0., 0., 2., 0., 2., 0., 0.]])
