Reconstructed HDP distribution tree:
(0,)
    (0, 0)
        (0, 0, 0)
            labels
                None
            weights
                Tensor: tensor([1.1755e-38, 1.5547e-09, 1.2833e-03, 9.9872e-01, 5.9528e-08, 3.5482e-15,
        1.0574e-22, 5.2872e-23, 7.1304e-31, 2.6436e-23])
            true_labels
                Tensor: tensor([[0., 0., 0., 2., 2., 0., 1., 2., 2., 2., 0., 2., 0., 0., 0., 0., 2., 0.,
         0., 0., 0., 0., 2., 0., 2., 2., 0., 0., 1., 0., 0., 0., 0., 2., 2., 0.,
         0., 0., 2., 0., 2., 2., 0., 2., 0., 2., 0., 2., 2., 0.]])
        (0, 0, 1)
            labels
                Tensor: tensor([ 1,  2,  3,  4,  5,  6,  7,  8,  9, 10, 11, 12, 13, 14, 16, 17, 18, 19,
        20, 21, 22, 23, 24, 25, 26, 27, 28, 30, 31, 32, 33, 35, 36, 37, 38, 39,
        40, 41, 42, 43, 45, 47, 49])
            weights
                Tensor: tensor([7.3507e-04, 8.2022e-04, 1.3361e-01, 8.6381e-01, 6.5799e-04, 1.5580e-04,
        1.0196e-04, 7.0243e-05, 2.8254e-05, 1.2024e-05])
            true_labels
                Tensor: tensor([0., 0., 2., 2., 0., 1., 2., 2., 2., 0., 2., 0., 0., 0., 2., 0., 0., 0.,
        0., 0., 2., 0., 2., 2., 0., 0., 1., 0., 0., 0., 2., 0., 0., 0., 2., 0.,
        2., 2., 0., 2., 2., 2., 0.])
        (0, 0, 2)
            labels
                None
            weights
                Tensor: tensor([1.1755e-38, 1.1755e-38, 1.8232e-03, 9.9818e-01, 0.0000e+00, 2.9748e-08,
        2.9748e-08, 8.8656e-16, 8.8656e-16, 5.2843e-23])
            true_labels
                Tensor: tensor([[0., 0., 0., 2., 2., 0., 1., 2., 2., 2., 0., 2., 0., 0., 0., 0., 2., 0.,
         0., 0., 0., 0., 2., 0., 2., 2., 0., 0., 1., 0., 0., 0., 0., 2., 2., 0.,
         0., 0., 2., 0., 2., 2., 0., 2., 0., 2., 0., 2., 2., 0.]])
        (0, 0, 3)
            labels
                None
            weights
                Tensor: tensor([1.1755e-38, 6.9407e-08, 4.9494e-03, 9.9505e-01, 0.0000e+00, 5.9310e-08,
        0.0000e+00, 1.7676e-15, 0.0000e+00, 0.0000e+00])
            true_labels
                Tensor: tensor([[0., 0., 0., 2., 2., 0., 1., 2., 2., 2., 0., 2., 0., 0., 0., 0., 2., 0.,
         0., 0., 0., 0., 2., 0., 2., 2., 0., 0., 1., 0., 0., 0., 0., 2., 2., 0.,
         0., 0., 2., 0., 2., 2., 0., 2., 0., 2., 0., 2., 2., 0.]])
        (0, 0, 4)
            labels
                None
            weights
                Tensor: tensor([1.1755e-38, 1.1755e-38, 3.3193e-06, 1.0000e+00, 0.0000e+00, 2.9802e-08,
        2.9802e-08, 8.8818e-16, 8.8818e-16, 5.2939e-23])
            true_labels
                Tensor: tensor([[0., 0., 0., 2., 2., 0., 1., 2., 2., 2., 0., 2., 0., 0., 0., 0., 2., 0.,
         0., 0., 0., 0., 2., 0., 2., 2., 0., 0., 1., 0., 0., 0., 0., 2., 2., 0.,
         0., 0., 2., 0., 2., 2., 0., 2., 0., 2., 0., 2., 2., 0.]])
        (0, 0, 5)
            labels
                Tensor: tensor([ 0, 29, 34, 44, 48])
            weights
                Tensor: tensor([7.1363e-04, 8.3064e-04, 1.3373e-01, 8.6367e-01, 6.8614e-04, 1.7312e-04,
        9.6667e-05, 6.2569e-05, 2.7882e-05, 1.3269e-05])
            true_labels
                Tensor: tensor([0., 0., 2., 0., 2.])
(1,)
    (1, 0)
        (1, 0, 0)
            labels
                Tensor: tensor([15, 46])
            weights
                Tensor: tensor([7.2106e-04, 7.9148e-04, 1.3780e-01, 8.5963e-01, 6.8061e-04, 1.8051e-04,
        8.9948e-05, 7.4811e-05, 2.9459e-05, 9.2674e-06])
            true_labels
                Tensor: tensor([0., 0.])
    (1, 2)
        (1, 2, 0)
            labels
                None
            weights
                Tensor: tensor([1.1755e-38, 1.1755e-38, 1.1755e-38, 1.0000e+00, 0.0000e+00, 2.9802e-08,
        2.9802e-08, 8.8818e-16, 8.8818e-16, 5.2940e-23])
            true_labels
                Tensor: tensor([[0., 0., 0., 2., 2., 0., 1., 2., 2., 2., 0., 2., 0., 0., 0., 0., 2., 0.,
         0., 0., 0., 0., 2., 0., 2., 2., 0., 0., 1., 0., 0., 0., 0., 2., 2., 0.,
         0., 0., 2., 0., 2., 2., 0., 2., 0., 2., 0., 2., 2., 0.]])
(2,)
    (2, 0)
        (2, 0, 0)
            labels
                None
            weights
                Tensor: tensor([1.1755e-38, 1.6852e-09, 1.1755e-38, 1.0000e+00, 0.0000e+00, 5.9605e-08,
        0.0000e+00, 1.7764e-15, 0.0000e+00, 0.0000e+00])
            true_labels
                Tensor: tensor([[0., 0., 0., 2., 2., 0., 1., 2., 2., 2., 0., 2., 0., 0., 0., 0., 2., 0.,
         0., 0., 0., 0., 2., 0., 2., 2., 0., 0., 1., 0., 0., 0., 0., 2., 2., 0.,
         0., 0., 2., 0., 2., 2., 0., 2., 0., 2., 0., 2., 2., 0.]])
