Reconstructed HDP distribution tree:
(0,)
    (0, 0)
        (0, 0, 0)
            labels
                None
            weights
                Tensor: tensor([1.1755e-38, 1.1755e-38, 2.7344e-06, 1.0000e+00, 5.9604e-08, 0.0000e+00,
        0.0000e+00, 3.5527e-15, 1.0588e-22, 5.2939e-23])
            true_labels
                Tensor: tensor([[2., 0., 0., 0., 2., 2., 2., 2., 2., 2., 0., 2., 0., 1., 2., 0., 0., 0.,
         0., 2., 0., 2., 0., 2., 0., 2., 0., 0., 2., 0., 2., 2., 1., 2., 0., 2.,
         0., 2., 2., 0., 0., 0., 2., 0., 0., 0., 2., 2., 0., 2.]])
        (0, 0, 1)
            labels
                Tensor: tensor([ 0,  1,  2,  3,  4,  6,  7,  8,  9, 10, 11, 12, 13, 15, 16, 17, 18, 19,
        20, 21, 22, 23, 24, 26, 27, 28, 29, 30, 31, 32, 33, 34, 35, 36, 37, 39,
        41, 42, 43, 44, 45, 46, 47, 48])
            weights
                Tensor: tensor([7.2725e-04, 8.1826e-04, 1.3360e-01, 8.6383e-01, 6.5857e-04, 1.5300e-04,
        1.0586e-04, 7.1012e-05, 2.8990e-05, 1.1089e-05])
            true_labels
                Tensor: tensor([2., 0., 0., 0., 2., 2., 2., 2., 2., 0., 2., 0., 1., 0., 0., 0., 0., 2.,
        0., 2., 0., 2., 0., 0., 0., 2., 0., 2., 2., 1., 2., 0., 2., 0., 2., 0.,
        0., 2., 0., 0., 0., 2., 2., 0.])
        (0, 0, 2)
            labels
                None
            weights
                Tensor: tensor([1.1755e-38, 1.1755e-38, 2.9180e-03, 9.9708e-01, 2.2561e-43, 0.0000e+00,
        5.9431e-08, 1.7712e-15, 8.8559e-16, 0.0000e+00])
            true_labels
                Tensor: tensor([[2., 0., 0., 0., 2., 2., 2., 2., 2., 2., 0., 2., 0., 1., 2., 0., 0., 0.,
         0., 2., 0., 2., 0., 2., 0., 2., 0., 0., 2., 0., 2., 2., 1., 2., 0., 2.,
         0., 2., 2., 0., 0., 0., 2., 0., 0., 0., 2., 2., 0., 2.]])
        (0, 0, 3)
            labels
                None
            weights
                Tensor: tensor([1.1755e-38, 1.1755e-38, 2.0947e-04, 9.9979e-01, 0.0000e+00, 6.3195e-31,
        2.9796e-08, 0.0000e+00, 1.4898e-08, 1.4898e-08])
            true_labels
                Tensor: tensor([[2., 0., 0., 0., 2., 2., 2., 2., 2., 2., 0., 2., 0., 1., 2., 0., 0., 0.,
         0., 2., 0., 2., 0., 2., 0., 2., 0., 0., 2., 0., 2., 2., 1., 2., 0., 2.,
         0., 2., 2., 0., 0., 0., 2., 0., 0., 0., 2., 2., 0., 2.]])
        (0, 0, 4)
            labels
                None
            weights
                Tensor: tensor([1.1755e-38, 1.1755e-38, 3.1640e-06, 1.0000e+00, 2.2701e-43, 0.0000e+00,
        5.9604e-08, 1.7764e-15, 8.8818e-16, 0.0000e+00])
            true_labels
                Tensor: tensor([[2., 0., 0., 0., 2., 2., 2., 2., 2., 2., 0., 2., 0., 1., 2., 0., 0., 0.,
         0., 2., 0., 2., 0., 2., 0., 2., 0., 0., 2., 0., 2., 2., 1., 2., 0., 2.,
         0., 2., 2., 0., 0., 0., 2., 0., 0., 0., 2., 2., 0., 2.]])
        (0, 0, 5)
            labels
                Tensor: tensor([14, 40])
            weights
                Tensor: tensor([6.9425e-04, 8.2306e-04, 1.3370e-01, 8.6372e-01, 6.8764e-04, 1.6586e-04,
        1.0620e-04, 6.4380e-05, 2.9887e-05, 1.0856e-05])
            true_labels
                Tensor: tensor([2., 0.])
(1,)
    (1, 0)
        (1, 0, 0)
            labels
                Tensor: tensor([ 5, 25, 38, 49])
            weights
                Tensor: tensor([6.8035e-04, 7.7464e-04, 1.3773e-01, 8.5974e-01, 6.8502e-04, 1.6536e-04,
        1.0947e-04, 8.1325e-05, 3.2115e-05, 5.0671e-06])
            true_labels
                Tensor: tensor([2., 2., 2., 2.])
    (1, 2)
        (1, 2, 0)
            labels
                None
            weights
                Tensor: tensor([1.1755e-38, 1.1755e-38, 1.1755e-38, 1.0000e+00, 2.2701e-43, 0.0000e+00,
        5.9605e-08, 1.7764e-15, 8.8818e-16, 0.0000e+00])
            true_labels
                Tensor: tensor([[2., 0., 0., 0., 2., 2., 2., 2., 2., 2., 0., 2., 0., 1., 2., 0., 0., 0.,
         0., 2., 0., 2., 0., 2., 0., 2., 0., 0., 2., 0., 2., 2., 1., 2., 0., 2.,
         0., 2., 2., 0., 0., 0., 2., 0., 0., 0., 2., 2., 0., 2.]])
(2,)
    (2, 0)
        (2, 0, 0)
            labels
                None
            weights
                Tensor: tensor([1.1755e-38, 1.1755e-38, 1.1755e-38, 1.0000e+00, 0.0000e+00, 6.3208e-31,
        2.9802e-08, 0.0000e+00, 1.4901e-08, 1.4901e-08])
            true_labels
                Tensor: tensor([[2., 0., 0., 0., 2., 2., 2., 2., 2., 2., 0., 2., 0., 1., 2., 0., 0., 0.,
         0., 2., 0., 2., 0., 2., 0., 2., 0., 0., 2., 0., 2., 2., 1., 2., 0., 2.,
         0., 2., 2., 0., 0., 0., 2., 0., 0., 0., 2., 2., 0., 2.]])
