Reconstructed HDP distribution tree:
(0,)
    (0, 0)
        (0, 0, 0)
            labels
                None
            weights
                Tensor: tensor([1.1755e-38, 1.1755e-38, 2.2640e-05, 9.9998e-01, 5.9603e-08, 1.7763e-15,
        8.8816e-16, 0.0000e+00, 8.8816e-16, 4.5942e-31])
            true_labels
                Tensor: tensor([[2., 0., 2., 0., 0., 2., 2., 0., 2., 0., 0., 0., 0., 0., 0., 2., 0., 0.,
         2., 2., 0., 2., 0., 0., 2., 0., 0., 2., 2., 2., 0., 2., 2., 0., 1., 0.,
         0., 0., 2., 0., 2., 2., 0., 0., 2., 2., 0., 2., 0., 0.]])
        (0, 0, 1)
            labels
                Tensor: tensor([ 0,  1,  2,  3,  5,  6,  8,  9, 10, 11, 12, 14, 16, 17, 18, 19, 20, 21,
        22, 24, 25, 26, 27, 28, 30, 31, 33, 34, 35, 36, 37, 38, 39, 40, 42, 43,
        44, 45, 46, 47, 48, 49])
            weights
                Tensor: tensor([7.3375e-04, 8.2280e-04, 1.3377e-01, 8.6365e-01, 6.5777e-04, 1.4737e-04,
        1.0657e-04, 7.0705e-05, 2.8018e-05, 1.2047e-05])
            true_labels
                Tensor: tensor([2., 0., 2., 0., 2., 2., 2., 0., 0., 0., 0., 0., 0., 0., 2., 2., 0., 2.,
        0., 2., 0., 0., 2., 2., 0., 2., 0., 1., 0., 0., 0., 2., 0., 2., 0., 0.,
        2., 2., 0., 2., 0., 0.])
        (0, 0, 2)
            labels
                None
            weights
                Tensor: tensor([1.1755e-38, 1.1755e-38, 5.1583e-05, 9.9995e-01, 5.9602e-08, 0.0000e+00,
        1.7763e-15, 8.8813e-16, 0.0000e+00, 0.0000e+00])
            true_labels
                Tensor: tensor([[2., 0., 2., 0., 0., 2., 2., 0., 2., 0., 0., 0., 0., 0., 0., 2., 0., 0.,
         2., 2., 0., 2., 0., 0., 2., 0., 0., 2., 2., 2., 0., 2., 2., 0., 1., 0.,
         0., 0., 2., 0., 2., 2., 0., 0., 2., 2., 0., 2., 0., 0.]])
        (0, 0, 3)
            labels
                None
            weights
                Tensor: tensor([1.1755e-38, 1.1755e-38, 5.6757e-04, 9.9943e-01, 2.9785e-08, 0.0000e+00,
        2.9785e-08, 8.8767e-16, 4.4384e-16, 4.4384e-16])
            true_labels
                Tensor: tensor([[2., 0., 2., 0., 0., 2., 2., 0., 2., 0., 0., 0., 0., 0., 0., 2., 0., 0.,
         2., 2., 0., 2., 0., 0., 2., 0., 0., 2., 2., 2., 0., 2., 2., 0., 1., 0.,
         0., 0., 2., 0., 2., 2., 0., 0., 2., 2., 0., 2., 0., 0.]])
        (0, 0, 4)
            labels
                None
            weights
                Tensor: tensor([1.1755e-38, 1.1755e-38, 4.3190e-07, 1.0000e+00, 5.9605e-08, 3.5527e-15,
        1.0588e-22, 1.0588e-22, 6.3109e-30, 3.7616e-37])
            true_labels
                Tensor: tensor([[2., 0., 2., 0., 0., 2., 2., 0., 2., 0., 0., 0., 0., 0., 0., 2., 0., 0.,
         2., 2., 0., 2., 0., 0., 2., 0., 0., 2., 2., 2., 0., 2., 2., 0., 1., 0.,
         0., 0., 2., 0., 2., 2., 0., 0., 2., 2., 0., 2., 0., 0.]])
        (0, 0, 5)
            labels
                Tensor: tensor([ 4, 13, 15, 29, 32, 41])
            weights
                Tensor: tensor([7.1098e-04, 8.3554e-04, 1.3412e-01, 8.6328e-01, 6.8523e-04, 1.5108e-04,
        1.0822e-04, 6.3843e-05, 2.7257e-05, 1.3541e-05])
            true_labels
                Tensor: tensor([0., 0., 2., 2., 2., 2.])
(1,)
    (1, 0)
        (1, 0, 0)
            labels
                Tensor: tensor([ 7, 23])
            weights
                Tensor: tensor([7.1518e-04, 7.9937e-04, 1.3863e-01, 8.5881e-01, 6.8223e-04, 1.3530e-04,
        1.1321e-04, 7.8096e-05, 2.8643e-05, 9.7964e-06])
            true_labels
                Tensor: tensor([0., 0.])
    (1, 2)
        (1, 2, 0)
            labels
                None
            weights
                Tensor: tensor([1.1755e-38, 1.1755e-38, 1.4178e-07, 1.0000e+00, 5.9605e-08, 3.5527e-15,
        1.0588e-22, 1.0588e-22, 6.3109e-30, 3.7616e-37])
            true_labels
                Tensor: tensor([[2., 0., 2., 0., 0., 2., 2., 0., 2., 0., 0., 0., 0., 0., 0., 2., 0., 0.,
         2., 2., 0., 2., 0., 0., 2., 0., 0., 2., 2., 2., 0., 2., 2., 0., 1., 0.,
         0., 0., 2., 0., 2., 2., 0., 0., 2., 2., 0., 2., 0., 0.]])
(2,)
    (2, 0)
        (2, 0, 0)
            labels
                None
            weights
                Tensor: tensor([1.1755e-38, 1.1755e-38, 1.1755e-38, 1.0000e+00, 2.9802e-08, 0.0000e+00,
        2.9802e-08, 8.8818e-16, 4.4409e-16, 4.4409e-16])
            true_labels
                Tensor: tensor([[2., 0., 2., 0., 0., 2., 2., 0., 2., 0., 0., 0., 0., 0., 0., 2., 0., 0.,
         2., 2., 0., 2., 0., 0., 2., 0., 0., 2., 2., 2., 0., 2., 2., 0., 1., 0.,
         0., 0., 2., 0., 2., 2., 0., 0., 2., 2., 0., 2., 0., 0.]])
