Reconstructed HDP distribution tree:
(0,)
    (0, 0)
        (0, 0, 0)
            labels
                None
            weights
                Tensor: tensor([1.1755e-38, 1.1755e-38, 2.1430e-03, 9.9786e-01, 0.0000e+00, 0.0000e+00,
        2.9738e-08, 0.0000e+00, 2.9738e-08, 1.7725e-15])
            true_labels
                Tensor: tensor([[1., 2., 1., 2., 0., 0., 0., 2., 0., 2., 1., 2., 0., 2., 2., 2., 2., 2.,
         2., 0., 0., 0., 2., 1., 2., 2., 2., 1., 2., 2., 0., 2., 0., 2., 2., 0.,
         2., 0., 1., 0., 2., 0., 0., 2., 0., 0., 2., 0., 2., 0.]])
        (0, 0, 1)
            labels
                Tensor: tensor([ 0,  1,  2,  3,  4,  5,  6,  9, 10, 11, 13, 14, 15, 17, 18, 19, 20, 21,
        22, 25, 26, 27, 28, 29, 30, 31, 32, 33, 34, 35, 36, 38, 39, 40, 41, 43,
        45, 46, 48, 49])
            weights
                Tensor: tensor([7.2660e-04, 8.2073e-04, 1.3366e-01, 8.6377e-01, 6.5456e-04, 1.4888e-04,
        1.0737e-04, 7.1615e-05, 2.9927e-05, 1.2484e-05])
            true_labels
                Tensor: tensor([1., 2., 1., 2., 0., 0., 0., 2., 1., 2., 2., 2., 2., 2., 2., 0., 0., 0.,
        2., 2., 2., 1., 2., 2., 0., 2., 0., 2., 2., 0., 2., 1., 0., 2., 0., 2.,
        0., 2., 2., 0.])
        (0, 0, 2)
            labels
                None
            weights
                Tensor: tensor([1.1755e-38, 1.1755e-38, 5.1393e-01, 4.8607e-01, 0.0000e+00, 2.8972e-08,
        1.7269e-15, 1.0293e-22, 6.1351e-30, 1.8284e-37])
            true_labels
                Tensor: tensor([[1., 2., 1., 2., 0., 0., 0., 2., 0., 2., 1., 2., 0., 2., 2., 2., 2., 2.,
         2., 0., 0., 0., 2., 1., 2., 2., 2., 1., 2., 2., 0., 2., 0., 2., 2., 0.,
         2., 0., 1., 0., 2., 0., 0., 2., 0., 0., 2., 0., 2., 0.]])
        (0, 0, 3)
            labels
                None
            weights
                Tensor: tensor([1.1755e-38, 1.1755e-38, 4.0313e-03, 9.9597e-01, 5.9364e-08, 3.5384e-15,
        1.0545e-22, 1.0545e-22, 0.0000e+00, 0.0000e+00])
            true_labels
                Tensor: tensor([[1., 2., 1., 2., 0., 0., 0., 2., 0., 2., 1., 2., 0., 2., 2., 2., 2., 2.,
         2., 0., 0., 0., 2., 1., 2., 2., 2., 1., 2., 2., 0., 2., 0., 2., 2., 0.,
         2., 0., 1., 0., 2., 0., 0., 2., 0., 0., 2., 0., 2., 0.]])
        (0, 0, 4)
            labels
                None
            weights
                Tensor: tensor([1.1755e-38, 1.1755e-38, 8.5301e-01, 1.4699e-01, 0.0000e+00, 8.7612e-09,
        5.2221e-16, 3.1126e-23, 1.8553e-30, 5.5291e-38])
            true_labels
                Tensor: tensor([[1., 2., 1., 2., 0., 0., 0., 2., 0., 2., 1., 2., 0., 2., 2., 2., 2., 2.,
         2., 0., 0., 0., 2., 1., 2., 2., 2., 1., 2., 2., 0., 2., 0., 2., 2., 0.,
         2., 0., 1., 0., 2., 0., 0., 2., 0., 0., 2., 0., 2., 0.]])
        (0, 0, 5)
            labels
                Tensor: tensor([ 7,  8, 16, 24, 42, 44, 47])
            weights
                Tensor: tensor([6.9181e-04, 8.3220e-04, 1.3387e-01, 8.6355e-01, 6.7764e-04, 1.5595e-04,
        1.1052e-04, 6.5630e-05, 3.2250e-05, 1.4260e-05])
            true_labels
                Tensor: tensor([2., 0., 2., 2., 0., 0., 0.])
(1,)
    (1, 0)
        (1, 0, 0)
            labels
                Tensor: tensor([12, 23, 37])
            weights
                Tensor: tensor([6.7258e-04, 7.9478e-04, 1.3811e-01, 8.5937e-01, 6.5888e-04, 1.4442e-04,
        1.1760e-04, 8.3095e-05, 3.8824e-05, 1.0834e-05])
            true_labels
                Tensor: tensor([0., 1., 0.])
    (1, 2)
        (1, 2, 0)
            labels
                None
            weights
                Tensor: tensor([1.1755e-38, 1.1755e-38, 9.9954e-01, 4.6319e-04, 0.0000e+00, 2.7608e-11,
        1.6456e-18, 9.8084e-26, 5.8463e-33, 1.7423e-40])
            true_labels
                Tensor: tensor([[1., 2., 1., 2., 0., 0., 0., 2., 0., 2., 1., 2., 0., 2., 2., 2., 2., 2.,
         2., 0., 0., 0., 2., 1., 2., 2., 2., 1., 2., 2., 0., 2., 0., 2., 2., 0.,
         2., 0., 1., 0., 2., 0., 0., 2., 0., 0., 2., 0., 2., 0.]])
(2,)
    (2, 0)
        (2, 0, 0)
            labels
                None
            weights
                Tensor: tensor([1.1755e-38, 1.1755e-38, 1.2739e-01, 8.7261e-01, 0.0000e+00, 0.0000e+00,
        2.6006e-08, 0.0000e+00, 2.6006e-08, 1.5501e-15])
            true_labels
                Tensor: tensor([[1., 2., 1., 2., 0., 0., 0., 2., 0., 2., 1., 2., 0., 2., 2., 2., 2., 2.,
         2., 0., 0., 0., 2., 1., 2., 2., 2., 1., 2., 2., 0., 2., 0., 2., 2., 0.,
         2., 0., 1., 0., 2., 0., 0., 2., 0., 0., 2., 0., 2., 0.]])
