Reconstructed HDP distribution tree:
(0,)
    (0, 0)
        (0, 0, 0)
            labels
                None
            weights
                Tensor: tensor([1.1755e-38, 1.1755e-38, 8.8249e-06, 9.9999e-01, 2.9802e-08, 1.4901e-08,
        0.0000e+00, 7.4505e-09, 3.7253e-09, 1.8626e-09])
            true_labels
                Tensor: tensor([[0., 0., 2., 2., 0., 2., 0., 0., 0., 0., 2., 1., 1., 0., 0., 0., 2., 2.,
         2., 2., 1., 0., 0., 0., 0., 0., 0., 2., 2., 2., 0., 0., 0., 2., 0., 2.,
         2., 0., 0., 2., 0., 0., 0., 2., 0., 0., 0., 0., 0., 0.]])
        (0, 0, 1)
            labels
                Tensor: tensor([ 1,  2,  4,  5,  6,  7,  8,  9, 10, 11, 12, 13, 14, 15, 16, 17, 18, 19,
        20, 21, 22, 23, 25, 27, 30, 31, 32, 33, 35, 36, 37, 41, 42, 43, 44, 45,
        46, 47, 49])
            weights
                Tensor: tensor([7.2885e-04, 8.1162e-04, 1.3360e-01, 8.6383e-01, 6.5568e-04, 1.5039e-04,
        1.0731e-04, 7.5205e-05, 2.9247e-05, 1.2438e-05])
            true_labels
                Tensor: tensor([0., 2., 0., 2., 0., 0., 0., 0., 2., 1., 1., 0., 0., 0., 2., 2., 2., 2.,
        1., 0., 0., 0., 0., 2., 0., 0., 0., 2., 2., 2., 0., 0., 0., 2., 0., 0.,
        0., 0., 0.])
        (0, 0, 2)
            labels
                None
            weights
                Tensor: tensor([1.1755e-38, 1.1755e-38, 2.0974e-03, 9.9790e-01, 5.9480e-08, 3.5453e-15,
        2.1131e-22, 1.2595e-29, 3.7537e-37, 3.7537e-37])
            true_labels
                Tensor: tensor([[0., 0., 2., 2., 0., 2., 0., 0., 0., 0., 2., 1., 1., 0., 0., 0., 2., 2.,
         2., 2., 1., 0., 0., 0., 0., 0., 0., 2., 2., 2., 0., 0., 0., 2., 0., 2.,
         2., 0., 0., 2., 0., 0., 0., 2., 0., 0., 0., 0., 0., 0.]])
        (0, 0, 3)
            labels
                None
            weights
                Tensor: tensor([1.1755e-38, 1.1755e-38, 1.2357e-04, 9.9988e-01, 5.3934e-30, 0.0000e+00,
        5.9597e-08, 3.5523e-15, 1.0587e-22, 1.0587e-22])
            true_labels
                Tensor: tensor([[0., 0., 2., 2., 0., 2., 0., 0., 0., 0., 2., 1., 1., 0., 0., 0., 2., 2.,
         2., 2., 1., 0., 0., 0., 0., 0., 0., 2., 2., 2., 0., 0., 0., 2., 0., 2.,
         2., 0., 0., 2., 0., 0., 0., 2., 0., 0., 0., 0., 0., 0.]])
        (0, 0, 4)
            labels
                None
            weights
                Tensor: tensor([1.1755e-38, 1.1755e-38, 3.0112e-05, 9.9997e-01, 5.9603e-08, 3.5526e-15,
        2.1175e-22, 1.2621e-29, 3.7615e-37, 3.7615e-37])
            true_labels
                Tensor: tensor([[0., 0., 2., 2., 0., 2., 0., 0., 0., 0., 2., 1., 1., 0., 0., 0., 2., 2.,
         2., 2., 1., 0., 0., 0., 0., 0., 0., 2., 2., 2., 0., 0., 0., 2., 0., 2.,
         2., 0., 0., 2., 0., 0., 0., 2., 0., 0., 0., 0., 0., 0.]])
        (0, 0, 5)
            labels
                Tensor: tensor([ 0, 26, 39, 40, 48])
            weights
                Tensor: tensor([6.9974e-04, 8.0693e-04, 1.3365e-01, 8.6377e-01, 6.8065e-04, 1.5862e-04,
        1.1022e-04, 7.4375e-05, 3.0632e-05, 1.4626e-05])
            true_labels
                Tensor: tensor([0., 0., 2., 0., 0.])
(1,)
    (1, 0)
        (1, 0, 0)
            labels
                Tensor: tensor([ 3, 24, 28, 29, 34, 38])
            weights
                Tensor: tensor([6.9157e-04, 7.4198e-04, 1.3757e-01, 8.5991e-01, 6.6837e-04, 1.5302e-04,
        1.1682e-04, 1.0662e-04, 3.5363e-05, 9.3231e-06])
            true_labels
                Tensor: tensor([2., 0., 2., 2., 0., 0.])
    (1, 2)
        (1, 2, 0)
            labels
                None
            weights
                Tensor: tensor([1.1755e-38, 1.1755e-38, 1.1755e-38, 1.0000e+00, 5.9605e-08, 3.5527e-15,
        2.1176e-22, 1.2622e-29, 3.7616e-37, 3.7616e-37])
            true_labels
                Tensor: tensor([[0., 0., 2., 2., 0., 2., 0., 0., 0., 0., 2., 1., 1., 0., 0., 0., 2., 2.,
         2., 2., 1., 0., 0., 0., 0., 0., 0., 2., 2., 2., 0., 0., 0., 2., 0., 2.,
         2., 0., 0., 2., 0., 0., 0., 2., 0., 0., 0., 0., 0., 0.]])
(2,)
    (2, 0)
        (2, 0, 0)
            labels
                None
            weights
                Tensor: tensor([1.1755e-38, 1.1755e-38, 1.1755e-38, 1.0000e+00, 1.1968e-30, 0.0000e+00,
        5.9605e-08, 3.5527e-15, 1.0588e-22, 1.0588e-22])
            true_labels
                Tensor: tensor([[0., 0., 2., 2., 0., 2., 0., 0., 0., 0., 2., 1., 1., 0., 0., 0., 2., 2.,
         2., 2., 1., 0., 0., 0., 0., 0., 0., 2., 2., 2., 0., 0., 0., 2., 0., 2.,
         2., 0., 0., 2., 0., 0., 0., 2., 0., 0., 0., 0., 0., 0.]])
