Reconstructed HDP distribution tree:
(0,)
    (0, 0)
        (0, 0, 0)
            labels
                None
            weights
                Tensor: tensor([5.0449e-22, 1.1755e-38, 2.5864e-14, 1.0000e+00, 5.9605e-08, 0.0000e+00,
        3.5527e-15, 4.7946e-33, 1.0588e-22, 0.0000e+00])
            true_labels
                Tensor: tensor([[0., 0., 2., 2., 0., 2., 2., 0., 0., 0., 2., 0., 2., 2., 0., 0., 0., 0.,
         2., 0., 2., 2., 0., 0., 2., 0., 2., 2., 0., 2., 2., 0., 0., 0., 0., 0.,
         2., 0., 2., 0., 2., 1., 0., 0., 0., 2., 2., 0., 1., 0.]])
        (0, 0, 1)
            labels
                Tensor: tensor([ 1,  2,  3,  4,  5,  6,  7,  8,  9, 10, 12, 13, 14, 15, 16, 17, 18, 19,
        20, 21, 23, 24, 26, 27, 28, 29, 30, 31, 32, 33, 34, 35, 37, 38, 40, 41,
        44, 45, 46, 47, 49])
            weights
                Tensor: tensor([7.3618e-04, 8.2067e-04, 1.3365e-01, 8.6378e-01, 6.5661e-04, 1.5150e-04,
        1.0081e-04, 6.9642e-05, 2.8503e-05, 1.1122e-05])
            true_labels
                Tensor: tensor([0., 2., 2., 0., 2., 2., 0., 0., 0., 2., 2., 2., 0., 0., 0., 0., 2., 0.,
        2., 2., 0., 2., 2., 2., 0., 2., 2., 0., 0., 0., 0., 0., 0., 2., 2., 1.,
        0., 2., 2., 0., 0.])
        (0, 0, 2)
            labels
                None
            weights
                Tensor: tensor([4.8977e-22, 1.1755e-38, 7.6881e-07, 1.0000e+00, 0.0000e+00, 0.0000e+00,
        0.0000e+00, 5.9605e-08, 3.5527e-15, 2.1176e-22])
            true_labels
                Tensor: tensor([[0., 0., 2., 2., 0., 2., 2., 0., 0., 0., 2., 0., 2., 2., 0., 0., 0., 0.,
         2., 0., 2., 2., 0., 0., 2., 0., 2., 2., 0., 2., 2., 0., 0., 0., 0., 0.,
         2., 0., 2., 0., 2., 1., 0., 0., 0., 2., 2., 0., 1., 0.]])
        (0, 0, 3)
            labels
                None
            weights
                Tensor: tensor([6.1271e-20, 1.1755e-38, 9.6147e-11, 1.0000e+00, 5.9605e-08, 3.5527e-15,
        2.1176e-22, 0.0000e+00, 1.2622e-29, 0.0000e+00])
            true_labels
                Tensor: tensor([[0., 0., 2., 2., 0., 2., 2., 0., 0., 0., 2., 0., 2., 2., 0., 0., 0., 0.,
         2., 0., 2., 2., 0., 0., 2., 0., 2., 2., 0., 2., 2., 0., 0., 0., 0., 0.,
         2., 0., 2., 0., 2., 1., 0., 0., 0., 2., 2., 0., 1., 0.]])
        (0, 0, 4)
            labels
                None
            weights
                Tensor: tensor([8.0866e-22, 1.1755e-38, 3.4003e-13, 1.0000e+00, 0.0000e+00, 0.0000e+00,
        0.0000e+00, 5.9605e-08, 3.5527e-15, 2.1176e-22])
            true_labels
                Tensor: tensor([[0., 0., 2., 2., 0., 2., 2., 0., 0., 0., 2., 0., 2., 2., 0., 0., 0., 0.,
         2., 0., 2., 2., 0., 0., 2., 0., 2., 2., 0., 2., 2., 0., 0., 0., 0., 0.,
         2., 0., 2., 0., 2., 1., 0., 0., 0., 2., 2., 0., 1., 0.]])
        (0, 0, 5)
            labels
                Tensor: tensor([ 0, 11, 22, 25, 36, 42, 43, 48])
            weights
                Tensor: tensor([7.1630e-04, 8.3194e-04, 1.3383e-01, 8.6359e-01, 6.8247e-04, 1.6152e-04,
        9.4131e-05, 6.1481e-05, 2.8605e-05, 1.0755e-05])
            true_labels
                Tensor: tensor([0., 0., 0., 0., 2., 0., 0., 1.])
(1,)
    (1, 0)
        (1, 0, 0)
            labels
                Tensor: tensor([39])
            weights
                Tensor: tensor([7.2498e-04, 7.9395e-04, 1.3800e-01, 8.5946e-01, 6.7247e-04, 1.5642e-04,
        8.4944e-05, 7.1907e-05, 2.9568e-05, 5.5331e-06])
            true_labels
                Tensor: tensor([0.])
    (1, 2)
        (1, 2, 0)
            labels
                None
            weights
                Tensor: tensor([1.9299e-21, 1.1755e-38, 3.2688e-02, 9.6731e-01, 0.0000e+00, 0.0000e+00,
        0.0000e+00, 5.7656e-08, 3.4366e-15, 2.0484e-22])
            true_labels
                Tensor: tensor([[0., 0., 2., 2., 0., 2., 2., 0., 0., 0., 2., 0., 2., 2., 0., 0., 0., 0.,
         2., 0., 2., 2., 0., 0., 2., 0., 2., 2., 0., 2., 2., 0., 0., 0., 0., 0.,
         2., 0., 2., 0., 2., 1., 0., 0., 0., 2., 2., 0., 1., 0.]])
(2,)
    (2, 0)
        (2, 0, 0)
            labels
                None
            weights
                Tensor: tensor([5.1561e-22, 1.1755e-38, 1.1755e-38, 1.0000e+00, 5.9605e-08, 3.5527e-15,
        2.1176e-22, 0.0000e+00, 1.2622e-29, 0.0000e+00])
            true_labels
                Tensor: tensor([[0., 0., 2., 2., 0., 2., 2., 0., 0., 0., 2., 0., 2., 2., 0., 0., 0., 0.,
         2., 0., 2., 2., 0., 0., 2., 0., 2., 2., 0., 2., 2., 0., 0., 0., 0., 0.,
         2., 0., 2., 0., 2., 1., 0., 0., 0., 2., 2., 0., 1., 0.]])
