Reconstructed HDP distribution tree:
(0,)
    (0, 0)
        (0, 0, 0)
            labels
                None
            weights
                Tensor: tensor([1.1755e-38, 1.1755e-38, 1.4094e-05, 9.9999e-01, 0.0000e+00, 5.9604e-08,
        0.0000e+00, 0.0000e+00, 0.0000e+00, 3.5527e-15])
            true_labels
                Tensor: tensor([[0., 2., 2., 2., 2., 2., 2., 1., 0., 0., 0., 0., 0., 0., 0., 2., 0., 2.,
         0., 2., 2., 0., 0., 2., 0., 0., 0., 2., 0., 0., 0., 2., 0., 2., 0., 0.,
         1., 2., 0., 1., 2., 2., 2., 2., 2., 2., 0., 0., 2., 2.]])
        (0, 0, 1)
            labels
                Tensor: tensor([ 0,  4,  5,  6,  7,  8,  9, 10, 11, 12, 13, 14, 15, 16, 17, 19, 20, 21,
        22, 23, 24, 25, 26, 27, 28, 29, 30, 31, 32, 33, 35, 37, 38, 40, 41, 42,
        43, 44, 45, 46, 47, 48, 49])
            weights
                Tensor: tensor([7.3225e-04, 8.1031e-04, 1.3356e-01, 8.6389e-01, 6.4433e-04, 1.4875e-04,
        1.0280e-04, 7.0668e-05, 3.0020e-05, 1.0602e-05])
            true_labels
                Tensor: tensor([0., 2., 2., 2., 1., 0., 0., 0., 0., 0., 0., 0., 2., 0., 2., 2., 2., 0.,
        0., 2., 0., 0., 0., 2., 0., 0., 0., 2., 0., 2., 0., 2., 0., 2., 2., 2.,
        2., 2., 2., 0., 0., 2., 2.])
        (0, 0, 2)
            labels
                None
            weights
                Tensor: tensor([1.1755e-38, 1.1755e-38, 1.1984e-06, 1.0000e+00, 0.0000e+00, 5.9605e-08,
        3.5527e-15, 1.0588e-22, 5.2939e-23, 5.2939e-23])
            true_labels
                Tensor: tensor([[0., 2., 2., 2., 2., 2., 2., 1., 0., 0., 0., 0., 0., 0., 0., 2., 0., 2.,
         0., 2., 2., 0., 0., 2., 0., 0., 0., 2., 0., 0., 0., 2., 0., 2., 0., 0.,
         1., 2., 0., 1., 2., 2., 2., 2., 2., 2., 0., 0., 2., 2.]])
        (0, 0, 3)
            labels
                None
            weights
                Tensor: tensor([1.1755e-38, 1.1755e-38, 1.7453e-04, 9.9983e-01, 0.0000e+00, 0.0000e+00,
        2.9797e-08, 2.9797e-08, 1.7760e-15, 1.0586e-22])
            true_labels
                Tensor: tensor([[0., 2., 2., 2., 2., 2., 2., 1., 0., 0., 0., 0., 0., 0., 0., 2., 0., 2.,
         0., 2., 2., 0., 0., 2., 0., 0., 0., 2., 0., 0., 0., 2., 0., 2., 0., 0.,
         1., 2., 0., 1., 2., 2., 2., 2., 2., 2., 0., 0., 2., 2.]])
        (0, 0, 4)
            labels
                None
            weights
                Tensor: tensor([1.1755e-38, 1.1755e-38, 6.0087e-14, 1.0000e+00, 0.0000e+00, 5.9605e-08,
        3.5527e-15, 1.0588e-22, 5.2940e-23, 5.2940e-23])
            true_labels
                Tensor: tensor([[0., 2., 2., 2., 2., 2., 2., 1., 0., 0., 0., 0., 0., 0., 0., 2., 0., 2.,
         0., 2., 2., 0., 0., 2., 0., 0., 0., 2., 0., 0., 0., 2., 0., 2., 0., 0.,
         1., 2., 0., 1., 2., 2., 2., 2., 2., 2., 0., 0., 2., 2.]])
        (0, 0, 5)
            labels
                Tensor: tensor([ 1,  3, 34, 36, 39])
            weights
                Tensor: tensor([7.0628e-04, 8.0582e-04, 1.3362e-01, 8.6386e-01, 6.5111e-04, 1.5542e-04,
        9.8931e-05, 6.3759e-05, 3.2440e-05, 9.7057e-06])
            true_labels
                Tensor: tensor([2., 2., 0., 1., 1.])
(1,)
    (1, 0)
        (1, 0, 0)
            labels
                Tensor: tensor([ 2, 18])
            weights
                Tensor: tensor([7.0363e-04, 7.4057e-04, 1.3755e-01, 8.6004e-01, 6.0881e-04, 1.4313e-04,
        9.3702e-05, 7.7580e-05, 3.7108e-05, 3.3595e-06])
            true_labels
                Tensor: tensor([2., 0.])
    (1, 2)
        (1, 2, 0)
            labels
                None
            weights
                Tensor: tensor([1.1755e-38, 1.1755e-38, 1.1755e-38, 1.0000e+00, 0.0000e+00, 5.9605e-08,
        3.5527e-15, 1.0588e-22, 5.2940e-23, 5.2940e-23])
            true_labels
                Tensor: tensor([[0., 2., 2., 2., 2., 2., 2., 1., 0., 0., 0., 0., 0., 0., 0., 2., 0., 2.,
         0., 2., 2., 0., 0., 2., 0., 0., 0., 2., 0., 0., 0., 2., 0., 2., 0., 0.,
         1., 2., 0., 1., 2., 2., 2., 2., 2., 2., 0., 0., 2., 2.]])
(2,)
    (2, 0)
        (2, 0, 0)
            labels
                None
            weights
                Tensor: tensor([1.1755e-38, 1.1755e-38, 1.1755e-38, 1.0000e+00, 0.0000e+00, 0.0000e+00,
        2.9802e-08, 2.9802e-08, 1.7764e-15, 1.0588e-22])
            true_labels
                Tensor: tensor([[0., 2., 2., 2., 2., 2., 2., 1., 0., 0., 0., 0., 0., 0., 0., 2., 0., 2.,
         0., 2., 2., 0., 0., 2., 0., 0., 0., 2., 0., 0., 0., 2., 0., 2., 0., 0.,
         1., 2., 0., 1., 2., 2., 2., 2., 2., 2., 0., 0., 2., 2.]])
