Reconstructed HDP distribution tree:
(0,)
    (0, 0)
        (0, 0, 0)
            labels
                None
            weights
                Tensor: tensor([1.1755e-38, 1.1755e-38, 5.1817e-06, 9.9999e-01, 0.0000e+00, 2.9802e-08,
        0.0000e+00, 2.9802e-08, 1.7763e-15, 5.2939e-23])
            true_labels
                Tensor: tensor([[2., 2., 0., 0., 0., 0., 2., 2., 0., 2., 2., 0., 2., 2., 2., 2., 2., 0.,
         2., 0., 0., 0., 0., 2., 2., 1., 0., 2., 2., 2., 2., 2., 2., 0., 2., 0.,
         0., 0., 2., 0., 2., 0., 2., 0., 2., 2., 2., 0., 2., 2.]])
        (0, 0, 1)
            labels
                Tensor: tensor([ 0,  1,  2,  3,  4,  5,  7,  8,  9, 10, 11, 13, 14, 15, 16, 17, 18, 19,
        21, 23, 24, 25, 26, 27, 28, 29, 30, 31, 32, 33, 34, 35, 36, 37, 38, 39,
        40, 41, 42, 43, 44, 45, 46, 47, 48, 49])
            weights
                Tensor: tensor([7.3140e-04, 8.1582e-04, 1.3361e-01, 8.6381e-01, 6.5827e-04, 1.5504e-04,
        1.0634e-04, 7.2465e-05, 2.9807e-05, 1.1475e-05])
            true_labels
                Tensor: tensor([2., 2., 0., 0., 0., 0., 2., 0., 2., 2., 0., 2., 2., 2., 2., 0., 2., 0.,
        0., 2., 2., 1., 0., 2., 2., 2., 2., 2., 2., 0., 2., 0., 0., 0., 2., 0.,
        2., 0., 2., 0., 2., 2., 2., 0., 2., 2.])
        (0, 0, 2)
            labels
                None
            weights
                Tensor: tensor([1.1755e-38, 1.1755e-38, 6.4520e-02, 9.3548e-01, 5.5759e-08, 3.3235e-15,
        1.9810e-22, 0.0000e+00, 1.1807e-29, 7.0378e-37])
            true_labels
                Tensor: tensor([[2., 2., 0., 0., 0., 0., 2., 2., 0., 2., 2., 0., 2., 2., 2., 2., 2., 0.,
         2., 0., 0., 0., 0., 2., 2., 1., 0., 2., 2., 2., 2., 2., 2., 0., 2., 0.,
         0., 0., 2., 0., 2., 0., 2., 0., 2., 2., 2., 0., 2., 2.]])
        (0, 0, 3)
            labels
                None
            weights
                Tensor: tensor([1.1755e-38, 5.0408e-37, 1.5109e-04, 9.9985e-01, 0.0000e+00, 3.5946e-19,
        0.0000e+00, 7.9816e-26, 5.9596e-08, 3.5522e-15])
            true_labels
                Tensor: tensor([[2., 2., 0., 0., 0., 0., 2., 2., 0., 2., 2., 0., 2., 2., 2., 2., 2., 0.,
         2., 0., 0., 0., 0., 2., 2., 1., 0., 2., 2., 2., 2., 2., 2., 0., 2., 0.,
         0., 0., 2., 0., 2., 0., 2., 0., 2., 2., 2., 0., 2., 2.]])
        (0, 0, 4)
            labels
                None
            weights
                Tensor: tensor([1.1755e-38, 1.1755e-38, 2.0013e-03, 9.9800e-01, 5.9485e-08, 3.5456e-15,
        2.1133e-22, 0.0000e+00, 1.2597e-29, 7.5081e-37])
            true_labels
                Tensor: tensor([[2., 2., 0., 0., 0., 0., 2., 2., 0., 2., 2., 0., 2., 2., 2., 2., 2., 0.,
         2., 0., 0., 0., 0., 2., 2., 1., 0., 2., 2., 2., 2., 2., 2., 0., 2., 0.,
         0., 0., 2., 0., 2., 0., 2., 0., 2., 2., 2., 0., 2., 2.]])
        (0, 0, 5)
            labels
                Tensor: tensor([ 6, 12, 22])
            weights
                Tensor: tensor([7.0327e-04, 8.1970e-04, 1.3372e-01, 8.6368e-01, 6.8689e-04, 1.7185e-04,
        1.0753e-04, 6.7588e-05, 3.2061e-05, 1.1493e-05])
            true_labels
                Tensor: tensor([2., 2., 0.])
(1,)
    (1, 0)
        (1, 0, 0)
            labels
                Tensor: tensor([20])
            weights
                Tensor: tensor([7.0011e-04, 7.6927e-04, 1.3779e-01, 8.5964e-01, 6.8093e-04, 1.7772e-04,
        1.1240e-04, 8.8527e-05, 3.7759e-05, 5.4517e-06])
            true_labels
                Tensor: tensor([0.])
    (1, 2)
        (1, 2, 0)
            labels
                None
            weights
                Tensor: tensor([1.1755e-38, 1.1755e-38, 1.1755e-38, 1.0000e+00, 0.0000e+00, 0.0000e+00,
        0.0000e+00, 5.9605e-08, 1.7764e-15, 0.0000e+00])
            true_labels
                Tensor: tensor([[2., 2., 0., 0., 0., 0., 2., 2., 0., 2., 2., 0., 2., 2., 2., 2., 2., 0.,
         2., 0., 0., 0., 0., 2., 2., 1., 0., 2., 2., 2., 2., 2., 2., 0., 2., 0.,
         0., 0., 2., 0., 2., 0., 2., 0., 2., 2., 2., 0., 2., 2.]])
(2,)
    (2, 0)
        (2, 0, 0)
            labels
                None
            weights
                Tensor: tensor([1.1755e-38, 1.1755e-38, 1.1755e-38, 1.0000e+00, 0.0000e+00, 3.5951e-19,
        0.0000e+00, 7.9828e-26, 5.9605e-08, 3.5527e-15])
            true_labels
                Tensor: tensor([[2., 2., 0., 0., 0., 0., 2., 2., 0., 2., 2., 0., 2., 2., 2., 2., 2., 0.,
         2., 0., 0., 0., 0., 2., 2., 1., 0., 2., 2., 2., 2., 2., 2., 0., 2., 0.,
         0., 0., 2., 0., 2., 0., 2., 0., 2., 2., 2., 0., 2., 2.]])
