Reconstructed HDP distribution tree:
(0,)
    (0, 0)
        (0, 0, 0)
            labels
                None
            weights
                Tensor: tensor([1.1755e-38, 1.1755e-38, 1.7979e-06, 1.0000e+00, 5.9605e-08, 1.7764e-15,
        8.8818e-16, 4.4409e-16, 0.0000e+00, 0.0000e+00])
            true_labels
                Tensor: tensor([[2., 2., 0., 1., 2., 2., 0., 0., 2., 0., 2., 2., 2., 0., 0., 0., 2., 0.,
         2., 2., 0., 0., 0., 2., 0., 2., 2., 2., 0., 0., 2., 2., 2., 2., 2., 2.,
         1., 2., 0., 2., 2., 2., 0., 2., 0., 0., 2., 0., 0., 0.]])
        (0, 0, 1)
            labels
                Tensor: tensor([ 0,  1,  3,  4,  5,  6,  7,  8, 10, 11, 12, 13, 14, 15, 16, 19, 20, 21,
        22, 23, 24, 25, 26, 27, 28, 29, 30, 32, 33, 34, 35, 38, 39, 40, 41, 42,
        43, 44, 45, 46, 49])
            weights
                Tensor: tensor([7.3741e-04, 8.2479e-04, 1.3364e-01, 8.6377e-01, 6.5385e-04, 1.5331e-04,
        1.0420e-04, 6.9383e-05, 3.0893e-05, 1.1708e-05])
            true_labels
                Tensor: tensor([2., 2., 1., 2., 2., 0., 0., 2., 2., 2., 2., 0., 0., 0., 2., 2., 0., 0.,
        0., 2., 0., 2., 2., 2., 0., 0., 2., 2., 2., 2., 2., 0., 2., 2., 2., 0.,
        2., 0., 0., 2., 0.])
        (0, 0, 2)
            labels
                None
            weights
                Tensor: tensor([1.1755e-38, 1.1755e-38, 4.6612e-01, 5.3388e-01, 0.0000e+00, 0.0000e+00,
        1.5911e-08, 7.9554e-09, 0.0000e+00, 0.0000e+00])
            true_labels
                Tensor: tensor([[2., 2., 0., 1., 2., 2., 0., 0., 2., 0., 2., 2., 2., 0., 0., 0., 2., 0.,
         2., 2., 0., 0., 0., 2., 0., 2., 2., 2., 0., 0., 2., 2., 2., 2., 2., 2.,
         1., 2., 0., 2., 2., 2., 0., 2., 0., 0., 2., 0., 0., 0.]])
        (0, 0, 3)
            labels
                None
            weights
                Tensor: tensor([1.1755e-38, 1.1755e-38, 1.9165e-05, 9.9998e-01, 0.0000e+00, 5.9603e-08,
        3.5526e-15, 1.0588e-22, 5.2939e-23, 2.6469e-23])
            true_labels
                Tensor: tensor([[2., 2., 0., 1., 2., 2., 0., 0., 2., 0., 2., 2., 2., 0., 0., 0., 2., 0.,
         2., 2., 0., 0., 0., 2., 0., 2., 2., 2., 0., 0., 2., 2., 2., 2., 2., 2.,
         1., 2., 0., 2., 2., 2., 0., 2., 0., 0., 2., 0., 0., 0.]])
        (0, 0, 4)
            labels
                None
            weights
                Tensor: tensor([1.1755e-38, 1.1755e-38, 5.2197e-01, 4.7803e-01, 0.0000e+00, 0.0000e+00,
        1.4246e-08, 7.1232e-09, 0.0000e+00, 0.0000e+00])
            true_labels
                Tensor: tensor([[2., 2., 0., 1., 2., 2., 0., 0., 2., 0., 2., 2., 2., 0., 0., 0., 2., 0.,
         2., 2., 0., 0., 0., 2., 0., 2., 2., 2., 0., 0., 2., 2., 2., 2., 2., 2.,
         1., 2., 0., 2., 2., 2., 0., 2., 0., 0., 2., 0., 0., 0.]])
        (0, 0, 5)
            labels
                Tensor: tensor([ 2,  9, 17, 18, 31, 47])
            weights
                Tensor: tensor([7.1720e-04, 8.4155e-04, 1.3387e-01, 8.6352e-01, 6.7609e-04, 1.6728e-04,
        1.0244e-04, 6.0487e-05, 3.4663e-05, 1.2058e-05])
            true_labels
                Tensor: tensor([0., 0., 0., 2., 2., 0.])
(1,)
    (1, 0)
        (1, 0, 0)
            labels
                Tensor: tensor([36, 37, 48])
            weights
                Tensor: tensor([7.2683e-04, 8.1338e-04, 1.3812e-01, 8.5929e-01, 6.5708e-04, 1.6812e-04,
        1.0101e-04, 7.0984e-05, 4.4430e-05, 6.4457e-06])
            true_labels
                Tensor: tensor([1., 2., 0.])
    (1, 2)
        (1, 2, 0)
            labels
                None
            weights
                Tensor: tensor([1.1755e-38, 1.1755e-38, 4.4119e-21, 1.0000e+00, 0.0000e+00, 0.0000e+00,
        2.9802e-08, 1.4901e-08, 0.0000e+00, 0.0000e+00])
            true_labels
                Tensor: tensor([[2., 2., 0., 1., 2., 2., 0., 0., 2., 0., 2., 2., 2., 0., 0., 0., 2., 0.,
         2., 2., 0., 0., 0., 2., 0., 2., 2., 2., 0., 0., 2., 2., 2., 2., 2., 2.,
         1., 2., 0., 2., 2., 2., 0., 2., 0., 0., 2., 0., 0., 0.]])
(2,)
    (2, 0)
        (2, 0, 0)
            labels
                None
            weights
                Tensor: tensor([1.1755e-38, 1.1755e-38, 1.1755e-38, 1.0000e+00, 0.0000e+00, 5.9605e-08,
        3.5527e-15, 1.0588e-22, 5.2940e-23, 2.6470e-23])
            true_labels
                Tensor: tensor([[2., 2., 0., 1., 2., 2., 0., 0., 2., 0., 2., 2., 2., 0., 0., 0., 2., 0.,
         2., 2., 0., 0., 0., 2., 0., 2., 2., 2., 0., 0., 2., 2., 2., 2., 2., 2.,
         1., 2., 0., 2., 2., 2., 0., 2., 0., 0., 2., 0., 0., 0.]])
