Reconstructed HDP distribution tree:
(0,)
    (0, 0)
        (0, 0, 0)
            labels
                None
            weights
                Tensor: tensor([1.1755e-38, 1.1755e-38, 4.7891e-13, 1.0000e+00, 3.0553e-08, 0.0000e+00,
        0.0000e+00, 0.0000e+00, 1.4526e-08, 0.0000e+00])
            true_labels
                Tensor: tensor([[2., 0., 2., 2., 2., 2., 2., 1., 2., 2., 2., 2., 0., 2., 0., 0., 2., 2.,
         0., 2., 2., 0., 2., 1., 0., 0., 2., 2., 1., 1., 0., 1., 1., 1., 0., 0.,
         2., 2., 2., 0., 2., 2., 2., 0., 2., 0., 2., 0., 2., 0.]])
        (0, 0, 1)
            labels
                Tensor: tensor([ 1,  2,  3,  4,  5,  6,  8, 10, 11, 12, 14, 15, 16, 17, 18, 19, 20, 22,
        23, 24, 26, 27, 29, 30, 31, 32, 34, 35, 36, 37, 38, 40, 42, 43, 44, 45,
        46, 47, 48])
            weights
                Tensor: tensor([7.2853e-04, 8.1653e-04, 1.3364e-01, 8.6380e-01, 6.4832e-04, 1.5355e-04,
        1.0245e-04, 7.1114e-05, 2.7658e-05, 1.1211e-05])
            true_labels
                Tensor: tensor([0., 2., 2., 2., 2., 2., 2., 2., 2., 0., 0., 0., 2., 2., 0., 2., 2., 2.,
        1., 0., 2., 2., 1., 0., 1., 1., 0., 0., 2., 2., 2., 2., 2., 0., 2., 0.,
        2., 0., 2.])
        (0, 0, 2)
            labels
                None
            weights
                Tensor: tensor([1.1755e-38, 1.1755e-38, 1.3749e-01, 8.6251e-01, 5.1410e-08, 0.0000e+00,
        0.0000e+00, 1.5321e-15, 0.0000e+00, 7.6606e-16])
            true_labels
                Tensor: tensor([[2., 0., 2., 2., 2., 2., 2., 1., 2., 2., 2., 2., 0., 2., 0., 0., 2., 2.,
         0., 2., 2., 0., 2., 1., 0., 0., 2., 2., 1., 1., 0., 1., 1., 1., 0., 0.,
         2., 2., 2., 0., 2., 2., 2., 0., 2., 0., 2., 0., 2., 0.]])
        (0, 0, 3)
            labels
                None
            weights
                Tensor: tensor([1.1755e-38, 1.1755e-38, 3.6416e-10, 1.0000e+00, 0.0000e+00, 2.9802e-08,
        0.0000e+00, 0.0000e+00, 2.9802e-08, 8.8818e-16])
            true_labels
                Tensor: tensor([[2., 0., 2., 2., 2., 2., 2., 1., 2., 2., 2., 2., 0., 2., 0., 0., 2., 2.,
         0., 2., 2., 0., 2., 1., 0., 0., 2., 2., 1., 1., 0., 1., 1., 1., 0., 0.,
         2., 2., 2., 0., 2., 2., 2., 0., 2., 0., 2., 0., 2., 0.]])
        (0, 0, 4)
            labels
                None
            weights
                Tensor: tensor([1.1755e-38, 1.1755e-38, 2.6531e-06, 1.0000e+00, 5.9604e-08, 0.0000e+00,
        0.0000e+00, 1.7764e-15, 0.0000e+00, 8.8818e-16])
            true_labels
                Tensor: tensor([[2., 0., 2., 2., 2., 2., 2., 1., 2., 2., 2., 2., 0., 2., 0., 0., 2., 2.,
         0., 2., 2., 0., 2., 1., 0., 0., 2., 2., 1., 1., 0., 1., 1., 1., 0., 0.,
         2., 2., 2., 0., 2., 2., 2., 0., 2., 0., 2., 0., 2., 0.]])
        (0, 0, 5)
            labels
                Tensor: tensor([ 0,  9, 13, 21, 25, 28, 33, 39, 41, 49])
            weights
                Tensor: tensor([6.9741e-04, 8.1884e-04, 1.3380e-01, 8.6366e-01, 6.6160e-04, 1.6714e-04,
        9.7670e-05, 6.4856e-05, 2.6517e-05, 1.1253e-05])
            true_labels
                Tensor: tensor([2., 2., 2., 0., 0., 1., 1., 0., 2., 0.])
(1,)
    (1, 0)
        (1, 0, 0)
            labels
                Tensor: tensor([7])
            weights
                Tensor: tensor([6.8712e-04, 7.6630e-04, 1.3795e-01, 8.5959e-01, 6.3068e-04, 1.6820e-04,
        9.2321e-05, 8.0318e-05, 2.5815e-05, 6.0647e-06])
            true_labels
                Tensor: tensor([1.])
    (1, 2)
        (1, 2, 0)
            labels
                None
            weights
                Tensor: tensor([1.1755e-38, 1.1755e-38, 1.1755e-38, 1.0000e+00, 5.9605e-08, 0.0000e+00,
        0.0000e+00, 1.7764e-15, 0.0000e+00, 8.8818e-16])
            true_labels
                Tensor: tensor([[2., 0., 2., 2., 2., 2., 2., 1., 2., 2., 2., 2., 0., 2., 0., 0., 2., 2.,
         0., 2., 2., 0., 2., 1., 0., 0., 2., 2., 1., 1., 0., 1., 1., 1., 0., 0.,
         2., 2., 2., 0., 2., 2., 2., 0., 2., 0., 2., 0., 2., 0.]])
(2,)
    (2, 0)
        (2, 0, 0)
            labels
                None
            weights
                Tensor: tensor([1.1755e-38, 1.1755e-38, 1.1755e-38, 1.0000e+00, 0.0000e+00, 2.9802e-08,
        0.0000e+00, 0.0000e+00, 2.9802e-08, 8.8818e-16])
            true_labels
                Tensor: tensor([[2., 0., 2., 2., 2., 2., 2., 1., 2., 2., 2., 2., 0., 2., 0., 0., 2., 2.,
         0., 2., 2., 0., 2., 1., 0., 0., 2., 2., 1., 1., 0., 1., 1., 1., 0., 0.,
         2., 2., 2., 0., 2., 2., 2., 0., 2., 0., 2., 0., 2., 0.]])
