Reconstructed HDP distribution tree:
(0,)
    (0, 0)
        (0, 0, 0)
            labels
                None
            weights
                Tensor: tensor([1.1755e-38, 1.1755e-38, 1.8161e-01, 8.1839e-01, 4.8780e-08, 0.0000e+00,
        1.4538e-15, 1.4538e-15, 4.3325e-23, 2.1663e-23])
            true_labels
                Tensor: tensor([[0., 0., 2., 0., 2., 0., 0., 0., 2., 2., 2., 0., 2., 2., 2., 0., 0., 2.,
         0., 0., 0., 2., 2., 0., 2., 0., 2., 2., 0., 1., 0., 2., 0., 0., 0., 2.,
         2., 0., 2., 0., 2., 2., 2., 2., 2., 2., 2., 2., 2., 0.]])
        (0, 0, 1)
            labels
                Tensor: tensor([ 0,  3,  4,  5,  6,  7,  8, 10, 11, 12, 13, 16, 17, 18, 20, 21, 22, 23,
        24, 25, 28, 29, 30, 31, 32, 33, 34, 35, 36, 37, 38, 39, 40, 42, 43, 44,
        45, 46, 47, 48, 49])
            weights
                Tensor: tensor([7.2029e-04, 8.0641e-04, 1.3360e-01, 8.6383e-01, 6.6312e-04, 1.5392e-04,
        1.0566e-04, 7.1758e-05, 3.2000e-05, 1.2490e-05])
            true_labels
                Tensor: tensor([0., 0., 2., 0., 0., 0., 2., 2., 0., 2., 2., 0., 2., 0., 0., 2., 2., 0.,
        2., 0., 0., 1., 0., 2., 0., 0., 0., 2., 2., 0., 2., 0., 2., 2., 2., 2.,
        2., 2., 2., 2., 0.])
        (0, 0, 2)
            labels
                None
            weights
                Tensor: tensor([1.1755e-38, 1.1755e-38, 3.7719e-01, 6.2281e-01, 1.8561e-08, 1.8561e-08,
        0.0000e+00, 1.1063e-15, 3.2971e-23, 3.2971e-23])
            true_labels
                Tensor: tensor([[0., 0., 2., 0., 2., 0., 0., 0., 2., 2., 2., 0., 2., 2., 2., 0., 0., 2.,
         0., 0., 0., 2., 2., 0., 2., 0., 2., 2., 0., 1., 0., 2., 0., 0., 0., 2.,
         2., 0., 2., 0., 2., 2., 2., 2., 2., 2., 2., 2., 2., 0.]])
        (0, 0, 3)
            labels
                None
            weights
                Tensor: tensor([1.1755e-38, 1.1755e-38, 2.5019e-01, 7.4981e-01, 4.4692e-08, 2.6880e-41,
        1.3319e-15, 7.9874e-44, 1.3319e-15, 0.0000e+00])
            true_labels
                Tensor: tensor([[0., 0., 2., 0., 2., 0., 0., 0., 2., 2., 2., 0., 2., 2., 2., 0., 0., 2.,
         0., 0., 0., 2., 2., 0., 2., 0., 2., 2., 0., 1., 0., 2., 0., 0., 0., 2.,
         2., 0., 2., 0., 2., 2., 2., 2., 2., 2., 2., 2., 2., 0.]])
        (0, 0, 4)
            labels
                None
            weights
                Tensor: tensor([1.1755e-38, 1.1755e-38, 2.4304e-01, 7.5696e-01, 2.2559e-08, 2.2559e-08,
        0.0000e+00, 1.3446e-15, 4.0073e-23, 4.0073e-23])
            true_labels
                Tensor: tensor([[0., 0., 2., 0., 2., 0., 0., 0., 2., 2., 2., 0., 2., 2., 2., 0., 0., 2.,
         0., 0., 0., 2., 2., 0., 2., 0., 2., 2., 0., 1., 0., 2., 0., 0., 0., 2.,
         2., 0., 2., 0., 2., 2., 2., 2., 2., 2., 2., 2., 2., 0.]])
        (0, 0, 5)
            labels
                Tensor: tensor([ 9, 14, 15, 26, 27, 41])
            weights
                Tensor: tensor([6.7627e-04, 7.9600e-04, 1.3373e-01, 8.6370e-01, 6.9959e-04, 1.6926e-04,
        1.0602e-04, 6.5302e-05, 3.8093e-05, 1.4302e-05])
            true_labels
                Tensor: tensor([2., 2., 0., 2., 2., 2.])
(1,)
    (1, 0)
        (1, 0, 0)
            labels
                Tensor: tensor([ 1,  2, 19])
            weights
                Tensor: tensor([6.4072e-04, 7.2074e-04, 1.3781e-01, 8.5969e-01, 7.0530e-04, 1.7161e-04,
        1.0867e-04, 8.2890e-05, 5.4328e-05, 8.5204e-06])
            true_labels
                Tensor: tensor([0., 2., 0.])
    (1, 2)
        (1, 2, 0)
            labels
                None
            weights
                Tensor: tensor([1.1755e-38, 1.1755e-38, 4.9236e-01, 5.0764e-01, 1.5129e-08, 1.5129e-08,
        0.0000e+00, 9.0175e-16, 2.6874e-23, 2.6874e-23])
            true_labels
                Tensor: tensor([[0., 0., 2., 0., 2., 0., 0., 0., 2., 2., 2., 0., 2., 2., 2., 0., 0., 2.,
         0., 0., 0., 2., 2., 0., 2., 0., 2., 2., 0., 1., 0., 2., 0., 0., 0., 2.,
         2., 0., 2., 0., 2., 2., 2., 2., 2., 2., 2., 2., 2., 0.]])
(2,)
    (2, 0)
        (2, 0, 0)
            labels
                None
            weights
                Tensor: tensor([1.1755e-38, 1.1755e-38, 9.3802e-02, 9.0620e-01, 5.4014e-08, 0.0000e+00,
        1.6097e-15, 1.6097e-15, 4.7974e-23, 2.3987e-23])
            true_labels
                Tensor: tensor([[0., 0., 2., 0., 2., 0., 0., 0., 2., 2., 2., 0., 2., 2., 2., 0., 0., 2.,
         0., 0., 0., 2., 2., 0., 2., 0., 2., 2., 0., 1., 0., 2., 0., 0., 0., 2.,
         2., 0., 2., 0., 2., 2., 2., 2., 2., 2., 2., 2., 2., 0.]])
