Reconstructed HDP distribution tree:
(0,)
    (0, 0)
        (0, 0, 0)
            labels
                None
            weights
                Tensor: tensor([1.1755e-38, 1.1755e-38, 4.1860e-04, 9.9958e-01, 5.9580e-08, 3.5512e-15,
        1.4890e-34, 0.0000e+00, 2.1167e-22, 6.3082e-30])
            true_labels
                Tensor: tensor([[2., 2., 0., 1., 0., 0., 2., 2., 0., 2., 1., 0., 2., 0., 0., 0., 2., 0.,
         0., 0., 0., 2., 0., 0., 0., 2., 0., 1., 2., 2., 0., 0., 0., 0., 0., 2.,
         2., 0., 0., 2., 0., 0., 2., 0., 2., 0., 2., 2., 2., 0.]])
        (0, 0, 1)
            labels
                Tensor: tensor([ 0,  1,  2,  4,  5,  6,  8,  9, 10, 11, 12, 13, 14, 15, 17, 18, 19, 20,
        22, 23, 24, 25, 26, 27, 28, 30, 31, 32, 33, 34, 35, 36, 37, 38, 39, 40,
        41, 42, 43, 44, 45, 46, 47, 48, 49])
            weights
                Tensor: tensor([7.3193e-04, 8.2345e-04, 1.3370e-01, 8.6371e-01, 6.5814e-04, 1.5012e-04,
        1.0473e-04, 7.5398e-05, 2.9790e-05, 1.1698e-05])
            true_labels
                Tensor: tensor([2., 2., 0., 0., 0., 2., 0., 2., 1., 0., 2., 0., 0., 0., 0., 0., 0., 0.,
        0., 0., 0., 2., 0., 1., 2., 0., 0., 0., 0., 0., 2., 2., 0., 0., 2., 0.,
        0., 2., 0., 2., 0., 2., 2., 2., 0.])
        (0, 0, 2)
            labels
                None
            weights
                Tensor: tensor([1.1755e-38, 6.0382e-16, 4.3270e-04, 9.9957e-01, 0.0000e+00, 0.0000e+00,
        5.9579e-08, 0.0000e+00, 3.5512e-15, 2.1167e-22])
            true_labels
                Tensor: tensor([[2., 2., 0., 1., 0., 0., 2., 2., 0., 2., 1., 0., 2., 0., 0., 0., 2., 0.,
         0., 0., 0., 2., 0., 0., 0., 2., 0., 1., 2., 2., 0., 0., 0., 0., 0., 2.,
         2., 0., 0., 2., 0., 0., 2., 0., 2., 0., 2., 2., 2., 0.]])
        (0, 0, 3)
            labels
                None
            weights
                Tensor: tensor([1.1755e-38, 1.1755e-38, 1.0256e-03, 9.9897e-01, 5.9544e-08, 1.7745e-15,
        1.7745e-15, 1.0577e-22, 6.3044e-30, 3.7577e-37])
            true_labels
                Tensor: tensor([[2., 2., 0., 1., 0., 0., 2., 2., 0., 2., 1., 0., 2., 0., 0., 0., 2., 0.,
         0., 0., 0., 2., 0., 0., 0., 2., 0., 1., 2., 2., 0., 0., 0., 0., 0., 2.,
         2., 0., 0., 2., 0., 0., 2., 0., 2., 0., 2., 2., 2., 0.]])
        (0, 0, 4)
            labels
                None
            weights
                Tensor: tensor([1.1755e-38, 5.4214e-15, 1.0862e-05, 9.9999e-01, 0.0000e+00, 0.0000e+00,
        5.9604e-08, 0.0000e+00, 3.5527e-15, 2.1176e-22])
            true_labels
                Tensor: tensor([[2., 2., 0., 1., 0., 0., 2., 2., 0., 2., 1., 0., 2., 0., 0., 0., 2., 0.,
         0., 0., 0., 2., 0., 0., 0., 2., 0., 1., 2., 2., 0., 0., 0., 0., 0., 2.,
         2., 0., 0., 2., 0., 0., 2., 0., 2., 0., 2., 2., 2., 0.]])
        (0, 0, 5)
            labels
                Tensor: tensor([ 7, 16, 21, 29])
            weights
                Tensor: tensor([7.0890e-04, 8.3703e-04, 1.3391e-01, 8.6347e-01, 6.8785e-04, 1.5840e-04,
        1.0405e-04, 7.4886e-05, 3.1692e-05, 1.3214e-05])
            true_labels
                Tensor: tensor([2., 2., 2., 2.])
(1,)
    (1, 0)
        (1, 0, 0)
            labels
                Tensor: tensor([3])
            weights
                Tensor: tensor([7.1087e-04, 8.0543e-04, 1.3803e-01, 8.5937e-01, 6.8323e-04, 1.5163e-04,
        1.0229e-04, 1.0638e-04, 3.7112e-05, 8.6481e-06])
            true_labels
                Tensor: tensor([1.])
    (1, 2)
        (1, 2, 0)
            labels
                None
            weights
                Tensor: tensor([1.1755e-38, 5.3740e-13, 1.1755e-38, 1.0000e+00, 5.9605e-08, 2.4992e-27,
        0.0000e+00, 3.5527e-15, 1.0588e-22, 0.0000e+00])
            true_labels
                Tensor: tensor([[2., 2., 0., 1., 0., 0., 2., 2., 0., 2., 1., 0., 2., 0., 0., 0., 2., 0.,
         0., 0., 0., 2., 0., 0., 0., 2., 0., 1., 2., 2., 0., 0., 0., 0., 0., 2.,
         2., 0., 0., 2., 0., 0., 2., 0., 2., 0., 2., 2., 2., 0.]])
(2,)
    (2, 0)
        (2, 0, 0)
            labels
                None
            weights
                Tensor: tensor([1.1755e-38, 1.1755e-38, 1.1755e-38, 1.0000e+00, 5.9605e-08, 1.7764e-15,
        1.7764e-15, 1.0588e-22, 6.3109e-30, 3.7616e-37])
            true_labels
                Tensor: tensor([[2., 2., 0., 1., 0., 0., 2., 2., 0., 2., 1., 0., 2., 0., 0., 0., 2., 0.,
         0., 0., 0., 2., 0., 0., 0., 2., 0., 1., 2., 2., 0., 0., 0., 0., 0., 2.,
         2., 0., 0., 2., 0., 0., 2., 0., 2., 0., 2., 2., 2., 0.]])
