Reconstructed HDP distribution tree:
(0,)
    (0, 0)
        (0, 0, 0)
            labels
                None
            weights
                Tensor: tensor([1.1755e-38, 1.1755e-38, 1.6063e-03, 9.9839e-01, 0.0000e+00, 5.9509e-08,
        0.0000e+00, 0.0000e+00, 1.7735e-15, 0.0000e+00])
            true_labels
                Tensor: tensor([[2., 0., 0., 0., 0., 2., 0., 0., 2., 0., 2., 2., 0., 2., 0., 0., 2., 2.,
         2., 2., 0., 0., 2., 2., 0., 2., 2., 0., 0., 0., 2., 0., 0., 2., 2., 0.,
         2., 2., 0., 0., 0., 0., 0., 0., 2., 2., 0., 0., 0., 2.]])
        (0, 0, 1)
            labels
                Tensor: tensor([ 0,  1,  2,  3,  4,  6,  7,  8,  9, 10, 11, 12, 13, 14, 15, 16, 17, 18,
        19, 20, 21, 22, 23, 24, 25, 26, 27, 28, 29, 30, 31, 34, 35, 36, 38, 39,
        42, 43, 46, 47, 48])
            weights
                Tensor: tensor([7.3629e-04, 8.0965e-04, 1.3359e-01, 8.6383e-01, 6.5308e-04, 1.5697e-04,
        1.0710e-04, 7.3904e-05, 2.8673e-05, 1.0634e-05])
            true_labels
                Tensor: tensor([2., 0., 0., 0., 0., 0., 0., 2., 0., 2., 2., 0., 2., 0., 0., 2., 2., 2.,
        2., 0., 0., 2., 2., 0., 2., 2., 0., 0., 0., 2., 0., 2., 0., 2., 0., 0.,
        0., 0., 0., 0., 0.])
        (0, 0, 2)
            labels
                None
            weights
                Tensor: tensor([1.1755e-38, 1.1755e-38, 6.0205e-01, 3.9795e-01, 2.3719e-08, 0.0000e+00,
        0.0000e+00, 0.0000e+00, 1.4138e-15, 0.0000e+00])
            true_labels
                Tensor: tensor([[2., 0., 0., 0., 0., 2., 0., 0., 2., 0., 2., 2., 0., 2., 0., 0., 2., 2.,
         2., 2., 0., 0., 2., 2., 0., 2., 2., 0., 0., 0., 2., 0., 0., 2., 2., 0.,
         2., 2., 0., 0., 0., 0., 0., 0., 2., 2., 0., 0., 0., 2.]])
        (0, 0, 3)
            labels
                None
            weights
                Tensor: tensor([1.1755e-38, 1.1755e-38, 4.5989e-03, 9.9540e-01, 0.0000e+00, 5.9331e-08,
        3.5364e-15, 2.1078e-22, 0.0000e+00, 0.0000e+00])
            true_labels
                Tensor: tensor([[2., 0., 0., 0., 0., 2., 0., 0., 2., 0., 2., 2., 0., 2., 0., 0., 2., 2.,
         2., 2., 0., 0., 2., 2., 0., 2., 2., 0., 0., 0., 2., 0., 0., 2., 2., 0.,
         2., 2., 0., 0., 0., 0., 0., 0., 2., 2., 0., 0., 0., 2.]])
        (0, 0, 4)
            labels
                None
            weights
                Tensor: tensor([1.1755e-38, 1.1755e-38, 6.0157e-01, 3.9843e-01, 2.3748e-08, 0.0000e+00,
        0.0000e+00, 0.0000e+00, 1.4155e-15, 0.0000e+00])
            true_labels
                Tensor: tensor([[2., 0., 0., 0., 0., 2., 0., 0., 2., 0., 2., 2., 0., 2., 0., 0., 2., 2.,
         2., 2., 0., 0., 2., 2., 0., 2., 2., 0., 0., 0., 2., 0., 0., 2., 2., 0.,
         2., 2., 0., 0., 0., 0., 0., 0., 2., 2., 0., 0., 0., 2.]])
        (0, 0, 5)
            labels
                Tensor: tensor([33, 37, 40, 41, 44, 49])
            weights
                Tensor: tensor([7.1482e-04, 8.0545e-04, 1.3379e-01, 8.6362e-01, 6.7437e-04, 1.7841e-04,
        1.0930e-04, 7.1525e-05, 2.8971e-05, 9.5881e-06])
            true_labels
                Tensor: tensor([2., 2., 0., 0., 2., 2.])
(1,)
    (1, 0)
        (1, 0, 0)
            labels
                Tensor: tensor([ 5, 32, 45])
            weights
                Tensor: tensor([7.1857e-04, 7.4114e-04, 1.3794e-01, 8.5951e-01, 6.5121e-04, 1.9231e-04,
        1.1648e-04, 9.5711e-05, 2.9466e-05, 3.6223e-06])
            true_labels
                Tensor: tensor([2., 0., 2.])
    (1, 2)
        (1, 2, 0)
            labels
                None
            weights
                Tensor: tensor([1.1755e-38, 1.1755e-38, 1.1755e-38, 1.0000e+00, 5.9605e-08, 0.0000e+00,
        0.0000e+00, 0.0000e+00, 3.5527e-15, 0.0000e+00])
            true_labels
                Tensor: tensor([[2., 0., 0., 0., 0., 2., 0., 0., 2., 0., 2., 2., 0., 2., 0., 0., 2., 2.,
         2., 2., 0., 0., 2., 2., 0., 2., 2., 0., 0., 0., 2., 0., 0., 2., 2., 0.,
         2., 2., 0., 0., 0., 0., 0., 0., 2., 2., 0., 0., 0., 2.]])
(2,)
    (2, 0)
        (2, 0, 0)
            labels
                None
            weights
                Tensor: tensor([1.1755e-38, 1.1755e-38, 1.1755e-38, 1.0000e+00, 0.0000e+00, 5.9605e-08,
        3.5527e-15, 2.1176e-22, 0.0000e+00, 0.0000e+00])
            true_labels
                Tensor: tensor([[2., 0., 0., 0., 0., 2., 0., 0., 2., 0., 2., 2., 0., 2., 0., 0., 2., 2.,
         2., 2., 0., 0., 2., 2., 0., 2., 2., 0., 0., 0., 2., 0., 0., 2., 2., 0.,
         2., 2., 0., 0., 0., 0., 0., 0., 2., 2., 0., 0., 0., 2.]])
