Reconstructed HDP distribution tree:
(0,)
    (0, 0)
        (0, 0, 0)
            labels
                None
            weights
                Tensor: tensor([3.4029e-17, 1.1755e-38, 5.2839e-06, 9.9999e-01, 5.9604e-08, 1.7763e-15,
        8.8817e-16, 4.4409e-16, 0.0000e+00, 0.0000e+00])
            true_labels
                Tensor: tensor([[2., 0., 2., 2., 2., 2., 0., 0., 0., 2., 0., 2., 0., 2., 2., 0., 0., 2.,
         0., 0., 0., 0., 2., 0., 0., 2., 2., 2., 2., 0., 0., 0., 2., 0., 0., 2.,
         0., 2., 0., 2., 0., 2., 0., 0., 2., 2., 2., 2., 1., 0.]])
        (0, 0, 1)
            labels
                Tensor: tensor([ 0,  2,  3,  4,  5,  6,  7,  9, 10, 11, 12, 13, 14, 15, 16, 17, 18, 19,
        21, 22, 23, 24, 25, 26, 27, 29, 30, 32, 34, 35, 37, 39, 40, 41, 42, 43,
        44, 45, 46, 47, 48, 49])
            weights
                Tensor: tensor([7.4504e-04, 8.1338e-04, 1.3357e-01, 8.6385e-01, 6.5653e-04, 1.4864e-04,
        1.0453e-04, 7.2124e-05, 3.0470e-05, 1.1553e-05])
            true_labels
                Tensor: tensor([2., 2., 2., 2., 2., 0., 0., 2., 0., 2., 0., 2., 2., 0., 0., 2., 0., 0.,
        0., 2., 0., 0., 2., 2., 2., 0., 0., 2., 0., 2., 2., 2., 0., 2., 0., 0.,
        2., 2., 2., 2., 1., 0.])
        (0, 0, 2)
            labels
                None
            weights
                Tensor: tensor([1.9549e-17, 1.1755e-38, 4.9068e-08, 1.0000e+00, 0.0000e+00, 0.0000e+00,
        0.0000e+00, 2.9802e-08, 1.4901e-08, 1.4901e-08])
            true_labels
                Tensor: tensor([[2., 0., 2., 2., 2., 2., 0., 0., 0., 2., 0., 2., 0., 2., 2., 0., 0., 2.,
         0., 0., 0., 0., 2., 0., 0., 2., 2., 2., 2., 0., 0., 0., 2., 0., 0., 2.,
         0., 2., 0., 2., 0., 2., 0., 0., 2., 2., 2., 2., 1., 0.]])
        (0, 0, 3)
            labels
                None
            weights
                Tensor: tensor([1.7625e-15, 1.1755e-38, 1.5671e-04, 9.9984e-01, 5.9595e-08, 3.5522e-15,
        0.0000e+00, 1.0586e-22, 5.2931e-23, 5.2931e-23])
            true_labels
                Tensor: tensor([[2., 0., 2., 2., 2., 2., 0., 0., 0., 2., 0., 2., 0., 2., 2., 0., 0., 2.,
         0., 0., 0., 0., 2., 0., 0., 2., 2., 2., 2., 0., 0., 0., 2., 0., 0., 2.,
         0., 2., 0., 2., 0., 2., 0., 0., 2., 2., 2., 2., 1., 0.]])
        (0, 0, 4)
            labels
                None
            weights
                Tensor: tensor([5.0965e-17, 1.1755e-38, 2.7284e-17, 1.0000e+00, 0.0000e+00, 0.0000e+00,
        0.0000e+00, 2.9802e-08, 1.4901e-08, 1.4901e-08])
            true_labels
                Tensor: tensor([[2., 0., 2., 2., 2., 2., 0., 0., 0., 2., 0., 2., 0., 2., 2., 0., 0., 2.,
         0., 0., 0., 0., 2., 0., 0., 2., 2., 2., 2., 0., 0., 0., 2., 0., 0., 2.,
         0., 2., 0., 2., 0., 2., 0., 0., 2., 2., 2., 2., 1., 0.]])
        (0, 0, 5)
            labels
                Tensor: tensor([ 1,  8, 20, 31, 36, 38])
            weights
                Tensor: tensor([7.4077e-04, 8.1121e-04, 1.3356e-01, 8.6383e-01, 6.8240e-04, 1.5478e-04,
        1.0315e-04, 6.6719e-05, 3.3707e-05, 1.2127e-05])
            true_labels
                Tensor: tensor([0., 0., 0., 0., 0., 0.])
(1,)
    (1, 0)
        (1, 0, 0)
            labels
                Tensor: tensor([28, 33])
            weights
                Tensor: tensor([7.7998e-04, 7.5212e-04, 1.3735e-01, 8.6007e-01, 6.7486e-04, 1.4402e-04,
        1.0223e-04, 8.6603e-05, 4.0675e-05, 6.7884e-06])
            true_labels
                Tensor: tensor([2., 0.])
    (1, 2)
        (1, 2, 0)
            labels
                None
            weights
                Tensor: tensor([2.1201e-16, 1.1755e-38, 1.1755e-38, 1.0000e+00, 0.0000e+00, 0.0000e+00,
        0.0000e+00, 2.9802e-08, 1.4901e-08, 1.4901e-08])
            true_labels
                Tensor: tensor([[2., 0., 2., 2., 2., 2., 0., 0., 0., 2., 0., 2., 0., 2., 2., 0., 0., 2.,
         0., 0., 0., 0., 2., 0., 0., 2., 2., 2., 2., 0., 0., 0., 2., 0., 0., 2.,
         0., 2., 0., 2., 0., 2., 0., 0., 2., 2., 2., 2., 1., 0.]])
(2,)
    (2, 0)
        (2, 0, 0)
            labels
                None
            weights
                Tensor: tensor([3.7143e-17, 1.1755e-38, 1.1755e-38, 1.0000e+00, 5.9605e-08, 3.5527e-15,
        0.0000e+00, 1.0588e-22, 5.2940e-23, 5.2940e-23])
            true_labels
                Tensor: tensor([[2., 0., 2., 2., 2., 2., 0., 0., 0., 2., 0., 2., 0., 2., 2., 0., 0., 2.,
         0., 0., 0., 0., 2., 0., 0., 2., 2., 2., 2., 0., 0., 0., 2., 0., 0., 2.,
         0., 2., 0., 2., 0., 2., 0., 0., 2., 2., 2., 2., 1., 0.]])
