Reconstructed HDP distribution tree:
(0,)
    (0, 0)
        (0, 0, 0)
            labels
                None
            weights
                Tensor: tensor([1.1755e-38, 1.1755e-38, 2.4958e-03, 9.9750e-01, 0.0000e+00, 1.6176e-36,
        5.9456e-08, 0.0000e+00, 1.7719e-15, 1.7719e-15])
            true_labels
                Tensor: tensor([[2., 0., 2., 0., 2., 2., 2., 1., 0., 2., 0., 2., 1., 2., 2., 0., 2., 2.,
         0., 2., 2., 0., 0., 0., 0., 1., 2., 2., 0., 0., 2., 2., 0., 0., 2., 2.,
         2., 2., 0., 2., 2., 0., 0., 0., 0., 2., 2., 2., 1., 0.]])
        (0, 0, 1)
            labels
                Tensor: tensor([ 0,  1,  2,  3,  4,  5,  6,  7,  8,  9, 10, 11, 12, 13, 14, 15, 17, 18,
        19, 20, 21, 22, 23, 24, 25, 26, 27, 28, 29, 30, 31, 32, 36, 37, 38, 39,
        40, 41, 42, 43, 44, 46, 47, 48, 49])
            weights
                Tensor: tensor([7.2073e-04, 8.1356e-04, 1.3369e-01, 8.6375e-01, 6.5419e-04, 1.5369e-04,
        1.0629e-04, 7.1516e-05, 2.8898e-05, 1.1731e-05])
            true_labels
                Tensor: tensor([2., 0., 2., 0., 2., 2., 2., 1., 0., 2., 0., 2., 1., 2., 2., 0., 2., 0.,
        2., 2., 0., 0., 0., 0., 1., 2., 2., 0., 0., 2., 2., 0., 2., 2., 0., 2.,
        2., 0., 0., 0., 0., 2., 2., 1., 0.])
        (0, 0, 2)
            labels
                None
            weights
                Tensor: tensor([1.1755e-38, 1.1755e-38, 2.7030e-01, 7.2970e-01, 4.3493e-08, 1.2962e-15,
        1.2962e-15, 7.7259e-23, 2.3025e-30, 0.0000e+00])
            true_labels
                Tensor: tensor([[2., 0., 2., 0., 2., 2., 2., 1., 0., 2., 0., 2., 1., 2., 2., 0., 2., 2.,
         0., 2., 2., 0., 0., 0., 0., 1., 2., 2., 0., 0., 2., 2., 0., 0., 2., 2.,
         2., 2., 0., 2., 2., 0., 0., 0., 0., 2., 2., 2., 1., 0.]])
        (0, 0, 3)
            labels
                None
            weights
                Tensor: tensor([1.1755e-38, 1.1755e-38, 9.5538e-03, 9.9045e-01, 0.0000e+00, 5.9035e-08,
        0.0000e+00, 1.7594e-15, 1.7594e-15, 0.0000e+00])
            true_labels
                Tensor: tensor([[2., 0., 2., 0., 2., 2., 2., 1., 0., 2., 0., 2., 1., 2., 2., 0., 2., 2.,
         0., 2., 2., 0., 0., 0., 0., 1., 2., 2., 0., 0., 2., 2., 0., 0., 2., 2.,
         2., 2., 0., 2., 2., 0., 0., 0., 0., 2., 2., 2., 1., 0.]])
        (0, 0, 4)
            labels
                None
            weights
                Tensor: tensor([1.1755e-38, 1.1755e-38, 9.9896e-02, 9.0010e-01, 5.3650e-08, 1.5989e-15,
        1.5989e-15, 9.5302e-23, 2.8402e-30, 0.0000e+00])
            true_labels
                Tensor: tensor([[2., 0., 2., 0., 2., 2., 2., 1., 0., 2., 0., 2., 1., 2., 2., 0., 2., 2.,
         0., 2., 2., 0., 0., 0., 0., 1., 2., 2., 0., 0., 2., 2., 0., 0., 2., 2.,
         2., 2., 0., 2., 2., 0., 0., 0., 0., 2., 2., 2., 1., 0.]])
        (0, 0, 5)
            labels
                Tensor: tensor([16, 33, 34, 45])
            weights
                Tensor: tensor([6.7776e-04, 8.1095e-04, 1.3394e-01, 8.6351e-01, 6.7611e-04, 1.6845e-04,
        1.0710e-04, 6.5328e-05, 2.9612e-05, 1.2288e-05])
            true_labels
                Tensor: tensor([2., 0., 2., 2.])
(1,)
    (1, 0)
        (1, 0, 0)
            labels
                Tensor: tensor([35])
            weights
                Tensor: tensor([6.4693e-04, 7.4995e-04, 1.3826e-01, 8.5928e-01, 6.6109e-04, 1.7035e-04,
        1.1167e-04, 8.2726e-05, 3.2433e-05, 7.2905e-06])
            true_labels
                Tensor: tensor([2.])
    (1, 2)
        (1, 2, 0)
            labels
                None
            weights
                Tensor: tensor([1.1755e-38, 1.1755e-38, 3.5410e-26, 1.0000e+00, 5.9605e-08, 1.7764e-15,
        1.7764e-15, 1.0588e-22, 3.1554e-30, 0.0000e+00])
            true_labels
                Tensor: tensor([[2., 0., 2., 0., 2., 2., 2., 1., 0., 2., 0., 2., 1., 2., 2., 0., 2., 2.,
         0., 2., 2., 0., 0., 0., 0., 1., 2., 2., 0., 0., 2., 2., 0., 0., 2., 2.,
         2., 2., 0., 2., 2., 0., 0., 0., 0., 2., 2., 2., 1., 0.]])
(2,)
    (2, 0)
        (2, 0, 0)
            labels
                None
            weights
                Tensor: tensor([1.1755e-38, 1.1755e-38, 1.1755e-38, 1.0000e+00, 0.0000e+00, 5.9605e-08,
        0.0000e+00, 1.7764e-15, 1.7764e-15, 0.0000e+00])
            true_labels
                Tensor: tensor([[2., 0., 2., 0., 2., 2., 2., 1., 0., 2., 0., 2., 1., 2., 2., 0., 2., 2.,
         0., 2., 2., 0., 0., 0., 0., 1., 2., 2., 0., 0., 2., 2., 0., 0., 2., 2.,
         2., 2., 0., 2., 2., 0., 0., 0., 0., 2., 2., 2., 1., 0.]])
