Reconstructed HDP distribution tree:
(0,)
    (0, 0)
        (0, 0, 0)
            labels
                None
            weights
                Tensor: tensor([1.1755e-38, 1.1755e-38, 6.8714e-01, 3.1286e-01, 1.8648e-08, 1.1115e-15,
        0.0000e+00, 6.6251e-23, 3.9488e-30, 0.0000e+00])
            true_labels
                Tensor: tensor([[0., 1., 0., 0., 2., 0., 2., 2., 0., 0., 0., 0., 2., 0., 0., 2., 2., 2.,
         2., 1., 2., 2., 2., 2., 0., 0., 1., 2., 2., 0., 2., 0., 0., 1., 0., 0.,
         0., 2., 2., 2., 2., 2., 0., 2., 0., 2., 0., 2., 0., 2.]])
        (0, 0, 1)
            labels
                Tensor: tensor([ 0,  2,  3,  4,  5,  6,  7,  8, 10, 11, 12, 13, 14, 15, 16, 17, 18, 19,
        20, 21, 22, 24, 25, 28, 29, 30, 31, 32, 33, 34, 35, 36, 38, 40, 41, 42,
        43, 45, 46, 48, 49])
            weights
                Tensor: tensor([7.3581e-04, 8.0912e-04, 1.3351e-01, 8.6391e-01, 6.5417e-04, 1.5573e-04,
        1.0624e-04, 7.0431e-05, 3.1998e-05, 1.1687e-05])
            true_labels
                Tensor: tensor([0., 0., 0., 2., 0., 2., 2., 0., 0., 0., 2., 0., 0., 2., 2., 2., 2., 1.,
        2., 2., 2., 0., 0., 2., 0., 2., 0., 0., 1., 0., 0., 0., 2., 2., 2., 0.,
        2., 2., 0., 0., 2.])
        (0, 0, 2)
            labels
                None
            weights
                Tensor: tensor([1.1755e-38, 1.1755e-38, 1.5437e-02, 9.8456e-01, 5.8685e-08, 3.4845e-15,
        1.3415e-17, 7.9959e-25, 0.0000e+00, 0.0000e+00])
            true_labels
                Tensor: tensor([[0., 1., 0., 0., 2., 0., 2., 2., 0., 0., 0., 0., 2., 0., 0., 2., 2., 2.,
         2., 1., 2., 2., 2., 2., 0., 0., 1., 2., 2., 0., 2., 0., 0., 1., 0., 0.,
         0., 2., 2., 2., 2., 2., 0., 2., 0., 2., 0., 2., 0., 2.]])
        (0, 0, 3)
            labels
                None
            weights
                Tensor: tensor([1.1755e-38, 1.1755e-38, 6.3953e-01, 3.6047e-01, 2.1485e-08, 0.0000e+00,
        6.4032e-16, 6.4032e-16, 1.9083e-23, 0.0000e+00])
            true_labels
                Tensor: tensor([[0., 1., 0., 0., 2., 0., 2., 2., 0., 0., 0., 0., 2., 0., 0., 2., 2., 2.,
         2., 1., 2., 2., 2., 2., 0., 0., 1., 2., 2., 0., 2., 0., 0., 1., 0., 0.,
         0., 2., 2., 2., 2., 2., 0., 2., 0., 2., 0., 2., 0., 2.]])
        (0, 0, 4)
            labels
                None
            weights
                Tensor: tensor([1.1755e-38, 1.1755e-38, 1.3926e-04, 9.9986e-01, 5.9596e-08, 3.5386e-15,
        1.3623e-17, 8.1201e-25, 0.0000e+00, 0.0000e+00])
            true_labels
                Tensor: tensor([[0., 1., 0., 0., 2., 0., 2., 2., 0., 0., 0., 0., 2., 0., 0., 2., 2., 2.,
         2., 1., 2., 2., 2., 2., 0., 0., 1., 2., 2., 0., 2., 0., 0., 1., 0., 0.,
         0., 2., 2., 2., 2., 2., 0., 2., 0., 2., 0., 2., 0., 2.]])
        (0, 0, 5)
            labels
                Tensor: tensor([ 1,  9, 27, 37, 39, 44])
            weights
                Tensor: tensor([7.1420e-04, 8.0188e-04, 1.3348e-01, 8.6393e-01, 6.7590e-04, 1.7367e-04,
        1.0716e-04, 6.2333e-05, 3.7777e-05, 1.2379e-05])
            true_labels
                Tensor: tensor([1., 0., 2., 2., 2., 0.])
(1,)
    (1, 0)
        (1, 0, 0)
            labels
                Tensor: tensor([23, 26, 47])
            weights
                Tensor: tensor([7.2347e-04, 7.3204e-04, 1.3729e-01, 8.6017e-01, 6.5993e-04, 1.8158e-04,
        1.1110e-04, 7.6069e-05, 5.2048e-05, 6.3461e-06])
            true_labels
                Tensor: tensor([2., 1., 2.])
    (1, 2)
        (1, 2, 0)
            labels
                None
            weights
                Tensor: tensor([1.1755e-38, 1.1755e-38, 9.4673e-01, 5.3266e-02, 3.1749e-09, 1.8851e-16,
        7.2576e-19, 4.3258e-26, 0.0000e+00, 0.0000e+00])
            true_labels
                Tensor: tensor([[0., 1., 0., 0., 2., 0., 2., 2., 0., 0., 0., 0., 2., 0., 0., 2., 2., 2.,
         2., 1., 2., 2., 2., 2., 0., 0., 1., 2., 2., 0., 2., 0., 0., 1., 0., 0.,
         0., 2., 2., 2., 2., 2., 0., 2., 0., 2., 0., 2., 0., 2.]])
(2,)
    (2, 0)
        (2, 0, 0)
            labels
                None
            weights
                Tensor: tensor([1.1755e-38, 1.1755e-38, 1.1755e-38, 1.0000e+00, 5.9605e-08, 0.0000e+00,
        1.7764e-15, 1.7764e-15, 5.2940e-23, 0.0000e+00])
            true_labels
                Tensor: tensor([[0., 1., 0., 0., 2., 0., 2., 2., 0., 0., 0., 0., 2., 0., 0., 2., 2., 2.,
         2., 1., 2., 2., 2., 2., 0., 0., 1., 2., 2., 0., 2., 0., 0., 1., 0., 0.,
         0., 2., 2., 2., 2., 2., 0., 2., 0., 2., 0., 2., 0., 2.]])
