Reconstructed HDP distribution tree:
(0,)
    (0, 0)
        (0, 0, 0)
            labels
                None
            weights
                Tensor: tensor([1.1755e-38, 1.1755e-38, 9.8446e-01, 1.5543e-02, 4.6322e-10, 0.0000e+00,
        2.3161e-10, 1.1581e-10, 5.7903e-11, 5.7903e-11])
            true_labels
                Tensor: tensor([[0., 0., 0., 2., 2., 0., 2., 1., 2., 0., 2., 2., 2., 2., 0., 2., 2., 0.,
         0., 2., 2., 0., 0., 2., 0., 0., 0., 2., 0., 2., 0., 2., 0., 2., 0., 0.,
         1., 2., 2., 0., 0., 0., 2., 0., 0., 2., 2., 2., 0., 2.]])
        (0, 0, 1)
            labels
                Tensor: tensor([ 0,  1,  2,  5,  6,  8,  9, 10, 11, 12, 13, 14, 15, 16, 17, 18, 19, 20,
        21, 22, 24, 26, 27, 28, 29, 30, 31, 32, 33, 34, 35, 36, 37, 38, 39, 40,
        42, 43, 44, 45, 46, 47, 48, 49])
            weights
                Tensor: tensor([7.2852e-04, 8.2818e-04, 1.3387e-01, 8.6355e-01, 6.5522e-04, 1.5219e-04,
        1.0013e-04, 7.1337e-05, 2.9137e-05, 1.1505e-05])
            true_labels
                Tensor: tensor([0., 0., 0., 0., 2., 2., 0., 2., 2., 2., 2., 0., 2., 2., 0., 0., 2., 2.,
        0., 0., 0., 0., 2., 0., 2., 0., 2., 0., 2., 0., 0., 1., 2., 2., 0., 0.,
        2., 0., 0., 2., 2., 2., 0., 2.])
        (0, 0, 2)
            labels
                None
            weights
                Tensor: tensor([1.1755e-38, 1.1755e-38, 2.0917e-09, 1.0000e+00, 5.9605e-08, 0.0000e+00,
        3.5527e-15, 0.0000e+00, 0.0000e+00, 2.1176e-22])
            true_labels
                Tensor: tensor([[0., 0., 0., 2., 2., 0., 2., 1., 2., 0., 2., 2., 2., 2., 0., 2., 2., 0.,
         0., 2., 2., 0., 0., 2., 0., 0., 0., 2., 0., 2., 0., 2., 0., 2., 0., 0.,
         1., 2., 2., 0., 0., 0., 2., 0., 0., 2., 2., 2., 0., 2.]])
        (0, 0, 3)
            labels
                None
            weights
                Tensor: tensor([1.1755e-38, 1.1755e-38, 1.7025e-01, 8.2975e-01, 4.9457e-08, 2.9478e-15,
        1.7571e-22, 5.2364e-30, 5.2364e-30, 1.5606e-37])
            true_labels
                Tensor: tensor([[0., 0., 0., 2., 2., 0., 2., 1., 2., 0., 2., 2., 2., 2., 0., 2., 2., 0.,
         0., 2., 2., 0., 0., 2., 0., 0., 0., 2., 0., 2., 0., 2., 0., 2., 0., 0.,
         1., 2., 2., 0., 0., 0., 2., 0., 0., 2., 2., 2., 0., 2.]])
        (0, 0, 4)
            labels
                None
            weights
                Tensor: tensor([1.1755e-38, 1.1755e-38, 3.5709e-19, 1.0000e+00, 5.9605e-08, 0.0000e+00,
        3.5527e-15, 0.0000e+00, 0.0000e+00, 2.1176e-22])
            true_labels
                Tensor: tensor([[0., 0., 0., 2., 2., 0., 2., 1., 2., 0., 2., 2., 2., 2., 0., 2., 2., 0.,
         0., 2., 2., 0., 0., 2., 0., 0., 0., 2., 0., 2., 0., 2., 0., 2., 0., 0.,
         1., 2., 2., 0., 0., 0., 2., 0., 0., 2., 2., 2., 0., 2.]])
        (0, 0, 5)
            labels
                Tensor: tensor([ 3,  7, 23, 25, 41])
            weights
                Tensor: tensor([6.9953e-04, 8.4891e-04, 1.3432e-01, 8.6308e-01, 6.7960e-04, 1.6353e-04,
        9.2344e-05, 6.4675e-05, 3.0101e-05, 1.2282e-05])
            true_labels
                Tensor: tensor([2., 1., 2., 0., 0.])
(1,)
    (1, 0)
        (1, 0, 0)
            labels
                Tensor: tensor([4])
            weights
                Tensor: tensor([6.9193e-04, 8.2858e-04, 1.3896e-01, 8.5849e-01, 6.6759e-04, 1.6255e-04,
        8.1624e-05, 8.0948e-05, 3.2966e-05, 6.6306e-06])
            true_labels
                Tensor: tensor([2.])
    (1, 2)
        (1, 2, 0)
            labels
                None
            weights
                Tensor: tensor([1.1755e-38, 1.1755e-38, 4.7769e-32, 1.0000e+00, 5.9605e-08, 0.0000e+00,
        3.5527e-15, 0.0000e+00, 0.0000e+00, 2.1176e-22])
            true_labels
                Tensor: tensor([[0., 0., 0., 2., 2., 0., 2., 1., 2., 0., 2., 2., 2., 2., 0., 2., 2., 0.,
         0., 2., 2., 0., 0., 2., 0., 0., 0., 2., 0., 2., 0., 2., 0., 2., 0., 0.,
         1., 2., 2., 0., 0., 0., 2., 0., 0., 2., 2., 2., 0., 2.]])
(2,)
    (2, 0)
        (2, 0, 0)
            labels
                None
            weights
                Tensor: tensor([1.1755e-38, 1.1755e-38, 4.3009e-38, 1.0000e+00, 5.9605e-08, 3.5527e-15,
        2.1176e-22, 6.3109e-30, 6.3109e-30, 1.8808e-37])
            true_labels
                Tensor: tensor([[0., 0., 0., 2., 2., 0., 2., 1., 2., 0., 2., 2., 2., 2., 0., 2., 2., 0.,
         0., 2., 2., 0., 0., 2., 0., 0., 0., 2., 0., 2., 0., 2., 0., 2., 0., 0.,
         1., 2., 2., 0., 0., 0., 2., 0., 0., 2., 2., 2., 0., 2.]])
