Reconstructed HDP distribution tree:
(0,)
    (0, 0)
        (0, 0, 0)
            labels
                None
            weights
                Tensor: tensor([1.2178e-27, 1.1755e-38, 1.4360e-01, 8.5640e-01, 5.1045e-08, 0.0000e+00,
        3.0425e-15, 9.0675e-23, 4.5337e-23, 2.2669e-23])
            true_labels
                Tensor: tensor([[2., 2., 0., 0., 1., 2., 2., 0., 0., 0., 0., 0., 0., 0., 0., 0., 0., 2.,
         2., 2., 0., 2., 0., 0., 0., 2., 2., 0., 0., 0., 0., 0., 0., 2., 0., 2.,
         0., 0., 0., 0., 0., 2., 1., 0., 0., 0., 0., 0., 0., 2.]])
        (0, 0, 1)
            labels
                Tensor: tensor([ 0,  1,  2,  3,  4,  5,  6,  7,  8,  9, 10, 11, 12, 13, 14, 15, 16, 17,
        18, 19, 20, 21, 22, 23, 24, 25, 28, 29, 30, 32, 33, 34, 35, 36, 37, 38,
        39, 40, 41, 42, 43, 44, 46, 48, 49])
            weights
                Tensor: tensor([7.3197e-04, 8.2336e-04, 1.3353e-01, 8.6389e-01, 6.4768e-04, 1.5237e-04,
        1.1057e-04, 7.2788e-05, 2.8063e-05, 1.2170e-05])
            true_labels
                Tensor: tensor([2., 2., 0., 0., 1., 2., 2., 0., 0., 0., 0., 0., 0., 0., 0., 0., 0., 2.,
        2., 2., 0., 2., 0., 0., 0., 2., 0., 0., 0., 0., 2., 0., 2., 0., 0., 0.,
        0., 0., 2., 1., 0., 0., 0., 0., 2.])
        (0, 0, 2)
            labels
                None
            weights
                Tensor: tensor([4.8828e-28, 1.1755e-38, 3.2386e-04, 9.9968e-01, 0.0000e+00, 5.9585e-08,
        0.0000e+00, 3.5516e-15, 0.0000e+00, 2.1169e-22])
            true_labels
                Tensor: tensor([[2., 2., 0., 0., 1., 2., 2., 0., 0., 0., 0., 0., 0., 0., 0., 0., 0., 2.,
         2., 2., 0., 2., 0., 0., 0., 2., 2., 0., 0., 0., 0., 0., 0., 2., 0., 2.,
         0., 0., 0., 0., 0., 2., 1., 0., 0., 0., 0., 0., 0., 2.]])
        (0, 0, 3)
            labels
                None
            weights
                Tensor: tensor([3.7760e-25, 1.1755e-38, 4.7345e-01, 5.2655e-01, 0.0000e+00, 3.1385e-08,
        9.3534e-16, 0.0000e+00, 4.6767e-16, 7.8316e-26])
            true_labels
                Tensor: tensor([[2., 2., 0., 0., 1., 2., 2., 0., 0., 0., 0., 0., 0., 0., 0., 0., 0., 2.,
         2., 2., 0., 2., 0., 0., 0., 2., 2., 0., 0., 0., 0., 0., 0., 2., 0., 2.,
         0., 0., 0., 0., 0., 2., 1., 0., 0., 0., 0., 0., 0., 2.]])
        (0, 0, 4)
            labels
                None
            weights
                Tensor: tensor([8.9635e-28, 1.1755e-38, 1.2694e-08, 1.0000e+00, 0.0000e+00, 5.9605e-08,
        0.0000e+00, 3.5527e-15, 0.0000e+00, 2.1176e-22])
            true_labels
                Tensor: tensor([[2., 2., 0., 0., 1., 2., 2., 0., 0., 0., 0., 0., 0., 0., 0., 0., 0., 2.,
         2., 2., 0., 2., 0., 0., 0., 2., 2., 0., 0., 0., 0., 0., 0., 2., 0., 2.,
         0., 0., 0., 0., 0., 2., 1., 0., 0., 0., 0., 0., 0., 2.]])
        (0, 0, 5)
            labels
                Tensor: tensor([27, 31, 45, 47])
            weights
                Tensor: tensor([7.0374e-04, 8.3920e-04, 1.3361e-01, 8.6379e-01, 6.6053e-04, 1.6532e-04,
        1.1879e-04, 6.8654e-05, 2.7488e-05, 1.3957e-05])
            true_labels
                Tensor: tensor([0., 0., 0., 0.])
(1,)
    (1, 0)
        (1, 0, 0)
            labels
                Tensor: tensor([26])
            weights
                Tensor: tensor([6.9821e-04, 8.0753e-04, 1.3757e-01, 8.5987e-01, 6.2423e-04, 1.6193e-04,
        1.3679e-04, 8.9905e-05, 2.8322e-05, 1.0312e-05])
            true_labels
                Tensor: tensor([2.])
    (1, 2)
        (1, 2, 0)
            labels
                None
            weights
                Tensor: tensor([2.4553e-27, 1.1755e-38, 1.1755e-38, 1.0000e+00, 0.0000e+00, 5.9605e-08,
        0.0000e+00, 3.5527e-15, 0.0000e+00, 2.1176e-22])
            true_labels
                Tensor: tensor([[2., 2., 0., 0., 1., 2., 2., 0., 0., 0., 0., 0., 0., 0., 0., 0., 0., 2.,
         2., 2., 0., 2., 0., 0., 0., 2., 2., 0., 0., 0., 0., 0., 0., 2., 0., 2.,
         0., 0., 0., 0., 0., 2., 1., 0., 0., 0., 0., 0., 0., 2.]])
(2,)
    (2, 0)
        (2, 0, 0)
            labels
                None
            weights
                Tensor: tensor([1.2849e-27, 1.1755e-38, 9.9464e-01, 5.3608e-03, 3.1953e-10, 0.0000e+00,
        1.9045e-17, 5.6759e-25, 2.8380e-25, 1.4190e-25])
            true_labels
                Tensor: tensor([[2., 2., 0., 0., 1., 2., 2., 0., 0., 0., 0., 0., 0., 0., 0., 0., 0., 2.,
         2., 2., 0., 2., 0., 0., 0., 2., 2., 0., 0., 0., 0., 0., 0., 2., 0., 2.,
         0., 0., 0., 0., 0., 2., 1., 0., 0., 0., 0., 0., 0., 2.]])
