Reconstructed HDP distribution tree:
(0,)
    (0, 0)
        (0, 0, 0)
            labels
                None
            weights
                Tensor: tensor([1.1755e-38, 1.1755e-38, 9.1879e-02, 9.0812e-01, 5.4128e-08, 0.0000e+00,
        1.6131e-15, 0.0000e+00, 0.0000e+00, 8.0657e-16])
            true_labels
                Tensor: tensor([[2., 2., 0., 0., 2., 0., 0., 0., 2., 2., 0., 2., 2., 2., 2., 0., 0., 2.,
         2., 0., 0., 1., 2., 2., 1., 2., 2., 0., 0., 0., 2., 2., 2., 0., 2., 0.,
         0., 2., 2., 2., 0., 0., 0., 1., 2., 2., 2., 0., 0., 1.]])
        (0, 0, 1)
            labels
                Tensor: tensor([ 0,  2,  3,  4,  5,  6,  7,  8,  9, 10, 11, 12, 13, 14, 15, 16, 17, 18,
        19, 20, 21, 22, 23, 24, 25, 26, 27, 28, 29, 30, 31, 32, 34, 35, 36, 37,
        39, 40, 43, 44, 46, 48, 49])
            weights
                Tensor: tensor([7.2922e-04, 8.2773e-04, 1.3360e-01, 8.6382e-01, 6.5283e-04, 1.5365e-04,
        1.0461e-04, 7.0469e-05, 3.1370e-05, 1.2693e-05])
            true_labels
                Tensor: tensor([2., 0., 0., 2., 0., 0., 0., 2., 2., 0., 2., 2., 2., 2., 0., 0., 2., 2.,
        0., 0., 1., 2., 2., 1., 2., 2., 0., 0., 0., 2., 2., 2., 2., 0., 0., 2.,
        2., 0., 1., 2., 2., 0., 1.])
        (0, 0, 2)
            labels
                None
            weights
                Tensor: tensor([1.1755e-38, 1.1755e-38, 2.3771e-03, 9.9762e-01, 0.0000e+00, 5.9463e-08,
        3.5443e-15, 1.0563e-22, 1.0563e-22, 6.2959e-30])
            true_labels
                Tensor: tensor([[2., 2., 0., 0., 2., 0., 0., 0., 2., 2., 0., 2., 2., 2., 2., 0., 0., 2.,
         2., 0., 0., 1., 2., 2., 1., 2., 2., 0., 0., 0., 2., 2., 2., 0., 2., 0.,
         0., 2., 2., 2., 0., 0., 0., 1., 2., 2., 2., 0., 0., 1.]])
        (0, 0, 3)
            labels
                None
            weights
                Tensor: tensor([1.1755e-38, 1.1755e-38, 2.6513e-01, 7.3487e-01, 4.3802e-08, 0.0000e+00,
        2.6108e-15, 7.7808e-23, 7.7808e-23, 4.6377e-30])
            true_labels
                Tensor: tensor([[2., 2., 0., 0., 2., 0., 0., 0., 2., 2., 0., 2., 2., 2., 2., 0., 0., 2.,
         2., 0., 0., 1., 2., 2., 1., 2., 2., 0., 0., 0., 2., 2., 2., 0., 2., 0.,
         0., 2., 2., 2., 0., 0., 0., 1., 2., 2., 2., 0., 0., 1.]])
        (0, 0, 4)
            labels
                None
            weights
                Tensor: tensor([1.1755e-38, 1.1755e-38, 1.0016e-05, 9.9999e-01, 0.0000e+00, 5.9604e-08,
        3.5527e-15, 1.0588e-22, 1.0588e-22, 6.3108e-30])
            true_labels
                Tensor: tensor([[2., 2., 0., 0., 2., 0., 0., 0., 2., 2., 0., 2., 2., 2., 2., 0., 0., 2.,
         2., 0., 0., 1., 2., 2., 1., 2., 2., 0., 0., 0., 2., 2., 2., 0., 2., 0.,
         0., 2., 2., 2., 0., 0., 0., 1., 2., 2., 2., 0., 0., 1.]])
        (0, 0, 5)
            labels
                Tensor: tensor([ 1, 33, 38, 41, 42, 47])
            weights
                Tensor: tensor([6.8602e-04, 8.5122e-04, 1.3371e-01, 8.6367e-01, 6.9357e-04, 1.8225e-04,
        1.1200e-04, 5.5638e-05, 3.0645e-05, 1.3973e-05])
            true_labels
                Tensor: tensor([2., 0., 2., 0., 0., 0.])
(1,)
    (1, 0)
        (1, 0, 0)
            labels
                Tensor: tensor([45])
            weights
                Tensor: tensor([6.9697e-04, 8.2706e-04, 1.3743e-01, 8.5998e-01, 6.5418e-04, 1.7102e-04,
        1.0358e-04, 7.6771e-05, 4.8217e-05, 1.1024e-05])
            true_labels
                Tensor: tensor([2.])
    (1, 2)
        (1, 2, 0)
            labels
                None
            weights
                Tensor: tensor([1.1755e-38, 1.1755e-38, 1.1755e-38, 1.0000e+00, 2.9802e-08, 6.7152e-17,
        1.4901e-08, 0.0000e+00, 0.0000e+00, 1.4901e-08])
            true_labels
                Tensor: tensor([[2., 2., 0., 0., 2., 0., 0., 0., 2., 2., 0., 2., 2., 2., 2., 0., 0., 2.,
         2., 0., 0., 1., 2., 2., 1., 2., 2., 0., 0., 0., 2., 2., 2., 0., 2., 0.,
         0., 2., 2., 2., 0., 0., 0., 1., 2., 2., 2., 0., 0., 1.]])
(2,)
    (2, 0)
        (2, 0, 0)
            labels
                None
            weights
                Tensor: tensor([1.1755e-38, 1.1755e-38, 9.4018e-01, 5.9820e-02, 3.5656e-09, 0.0000e+00,
        1.0626e-16, 0.0000e+00, 0.0000e+00, 5.3131e-17])
            true_labels
                Tensor: tensor([[2., 2., 0., 0., 2., 0., 0., 0., 2., 2., 0., 2., 2., 2., 2., 0., 0., 2.,
         2., 0., 0., 1., 2., 2., 1., 2., 2., 0., 0., 0., 2., 2., 2., 0., 2., 0.,
         0., 2., 2., 2., 0., 0., 0., 1., 2., 2., 2., 0., 0., 1.]])
