Reconstructed HDP distribution tree:
(0,)
    (0, 0)
        (0, 0, 0)
            labels
                None
            weights
                Tensor: tensor([1.1755e-38, 1.1755e-38, 6.2568e-06, 9.9999e-01, 2.9802e-08, 0.0000e+00,
        0.0000e+00, 2.9802e-08, 0.0000e+00, 1.7763e-15])
            true_labels
                Tensor: tensor([[0., 2., 2., 2., 0., 0., 0., 0., 0., 0., 2., 0., 0., 0., 2., 0., 2., 0.,
         2., 0., 0., 1., 2., 1., 0., 2., 2., 0., 0., 2., 2., 0., 0., 2., 2., 0.,
         2., 2., 1., 0., 1., 0., 2., 0., 2., 2., 0., 0., 0., 0.]])
        (0, 0, 1)
            labels
                Tensor: tensor([ 0,  1,  2,  5,  6,  7,  8,  9, 10, 11, 12, 14, 15, 16, 17, 18, 19, 21,
        22, 25, 26, 27, 29, 30, 31, 32, 34, 36, 37, 38, 40, 41, 43, 44, 46, 47,
        48])
            weights
                Tensor: tensor([7.3054e-04, 8.1891e-04, 1.3369e-01, 8.6373e-01, 6.5935e-04, 1.5130e-04,
        1.0475e-04, 7.2342e-05, 2.6924e-05, 1.1511e-05])
            true_labels
                Tensor: tensor([0., 2., 2., 0., 0., 0., 0., 0., 2., 0., 0., 2., 0., 2., 0., 2., 0., 1.,
        2., 2., 2., 0., 2., 2., 0., 0., 2., 2., 2., 1., 1., 0., 0., 2., 0., 0.,
        0.])
        (0, 0, 2)
            labels
                None
            weights
                Tensor: tensor([1.1755e-38, 1.1755e-38, 6.5033e-01, 3.4967e-01, 1.0421e-08, 1.0421e-08,
        6.2114e-16, 0.0000e+00, 3.7023e-23, 1.1034e-30])
            true_labels
                Tensor: tensor([[0., 2., 2., 2., 0., 0., 0., 0., 0., 0., 2., 0., 0., 0., 2., 0., 2., 0.,
         2., 0., 0., 1., 2., 1., 0., 2., 2., 0., 0., 2., 2., 0., 0., 2., 2., 0.,
         2., 2., 1., 0., 1., 0., 2., 0., 2., 2., 0., 0., 0., 0.]])
        (0, 0, 3)
            labels
                None
            weights
                Tensor: tensor([1.1755e-38, 1.1755e-38, 7.5532e-05, 9.9992e-01, 0.0000e+00, 2.9800e-08,
        2.9800e-08, 1.7762e-15, 0.0000e+00, 1.0587e-22])
            true_labels
                Tensor: tensor([[0., 2., 2., 2., 0., 0., 0., 0., 0., 0., 2., 0., 0., 0., 2., 0., 2., 0.,
         2., 0., 0., 1., 2., 1., 0., 2., 2., 0., 0., 2., 2., 0., 0., 2., 2., 0.,
         2., 2., 1., 0., 1., 0., 2., 0., 2., 2., 0., 0., 0., 0.]])
        (0, 0, 4)
            labels
                None
            weights
                Tensor: tensor([1.1755e-38, 1.1755e-38, 7.9287e-01, 2.0713e-01, 6.1728e-09, 6.1728e-09,
        3.6793e-16, 0.0000e+00, 2.1930e-23, 6.5357e-31])
            true_labels
                Tensor: tensor([[0., 2., 2., 2., 0., 0., 0., 0., 0., 0., 2., 0., 0., 0., 2., 0., 2., 0.,
         2., 0., 0., 1., 2., 1., 0., 2., 2., 0., 0., 2., 2., 0., 0., 2., 2., 0.,
         2., 2., 1., 0., 1., 0., 2., 0., 2., 2., 0., 0., 0., 0.]])
        (0, 0, 5)
            labels
                Tensor: tensor([ 3,  4, 13, 20, 23, 24, 28, 39, 49])
            weights
                Tensor: tensor([7.0361e-04, 8.2544e-04, 1.3391e-01, 8.6350e-01, 6.8999e-04, 1.6121e-04,
        1.0337e-04, 6.7573e-05, 2.4807e-05, 1.2553e-05])
            true_labels
                Tensor: tensor([2., 0., 0., 0., 1., 0., 0., 0., 0.])
(1,)
    (1, 0)
        (1, 0, 0)
            labels
                Tensor: tensor([33, 35, 42, 45])
            weights
                Tensor: tensor([6.9911e-04, 7.7885e-04, 1.3817e-01, 8.5928e-01, 6.9099e-04, 1.5684e-04,
        1.0401e-04, 8.6395e-05, 2.2625e-05, 7.9403e-06])
            true_labels
                Tensor: tensor([2., 0., 2., 2.])
    (1, 2)
        (1, 2, 0)
            labels
                None
            weights
                Tensor: tensor([1.1755e-38, 1.1755e-38, 1.1755e-38, 1.0000e+00, 2.9802e-08, 2.9802e-08,
        1.7764e-15, 0.0000e+00, 1.0588e-22, 3.1554e-30])
            true_labels
                Tensor: tensor([[0., 2., 2., 2., 0., 0., 0., 0., 0., 0., 2., 0., 0., 0., 2., 0., 2., 0.,
         2., 0., 0., 1., 2., 1., 0., 2., 2., 0., 0., 2., 2., 0., 0., 2., 2., 0.,
         2., 2., 1., 0., 1., 0., 2., 0., 2., 2., 0., 0., 0., 0.]])
(2,)
    (2, 0)
        (2, 0, 0)
            labels
                None
            weights
                Tensor: tensor([1.1755e-38, 1.1755e-38, 1.1755e-38, 1.0000e+00, 0.0000e+00, 2.9802e-08,
        2.9802e-08, 1.7764e-15, 0.0000e+00, 1.0588e-22])
            true_labels
                Tensor: tensor([[0., 2., 2., 2., 0., 0., 0., 0., 0., 0., 2., 0., 0., 0., 2., 0., 2., 0.,
         2., 0., 0., 1., 2., 1., 0., 2., 2., 0., 0., 2., 2., 0., 0., 2., 2., 0.,
         2., 2., 1., 0., 1., 0., 2., 0., 2., 2., 0., 0., 0., 0.]])
