Reconstructed HDP distribution tree:
(0,)
    (0, 0)
        (0, 0, 0)
            labels
                None
            weights
                Tensor: tensor([1.1755e-38, 3.7814e-12, 1.4443e-07, 1.0000e+00, 0.0000e+00, 3.4904e-13,
        5.9604e-08, 3.5527e-15, 2.1176e-22, 0.0000e+00])
            true_labels
                Tensor: tensor([[2., 2., 2., 2., 2., 0., 0., 2., 2., 1., 0., 0., 2., 2., 0., 2., 2., 2.,
         2., 2., 2., 2., 0., 0., 2., 0., 2., 2., 0., 2., 0., 2., 2., 0., 2., 0.,
         0., 2., 0., 2., 0., 2., 2., 0., 2., 0., 0., 0., 2., 2.]])
        (0, 0, 1)
            labels
                Tensor: tensor([ 0,  1,  2,  3,  4,  5,  6,  7,  8,  9, 10, 12, 13, 14, 15, 16, 18, 22,
        23, 24, 26, 27, 28, 29, 30, 31, 32, 33, 34, 35, 36, 37, 38, 39, 42, 43,
        44, 45, 46, 48, 49])
            weights
                Tensor: tensor([7.3728e-04, 8.2059e-04, 1.3359e-01, 8.6383e-01, 6.5618e-04, 1.5275e-04,
        1.0133e-04, 7.3040e-05, 2.8691e-05, 1.0844e-05])
            true_labels
                Tensor: tensor([2., 2., 2., 2., 2., 0., 0., 2., 2., 1., 0., 2., 2., 0., 2., 2., 2., 0.,
        0., 2., 2., 2., 0., 2., 0., 2., 2., 0., 2., 0., 0., 2., 0., 2., 2., 0.,
        2., 0., 0., 2., 2.])
        (0, 0, 2)
            labels
                None
            weights
                Tensor: tensor([1.1755e-38, 2.5720e-34, 5.8632e-03, 9.9414e-01, 2.9628e-08, 0.0000e+00,
        2.9628e-08, 1.7659e-15, 5.2629e-23, 5.2629e-23])
            true_labels
                Tensor: tensor([[2., 2., 2., 2., 2., 0., 0., 2., 2., 1., 0., 0., 2., 2., 0., 2., 2., 2.,
         2., 2., 2., 2., 0., 0., 2., 0., 2., 2., 0., 2., 0., 2., 2., 0., 2., 0.,
         0., 2., 0., 2., 0., 2., 2., 0., 2., 0., 0., 0., 2., 2.]])
        (0, 0, 3)
            labels
                None
            weights
                Tensor: tensor([1.1755e-38, 4.7446e-10, 2.1268e-05, 9.9998e-01, 2.9802e-08, 1.4901e-08,
        0.0000e+00, 0.0000e+00, 0.0000e+00, 0.0000e+00])
            true_labels
                Tensor: tensor([[2., 2., 2., 2., 2., 0., 0., 2., 2., 1., 0., 0., 2., 2., 0., 2., 2., 2.,
         2., 2., 2., 2., 0., 0., 2., 0., 2., 2., 0., 2., 0., 2., 2., 0., 2., 0.,
         0., 2., 0., 2., 0., 2., 2., 0., 2., 0., 0., 0., 2., 2.]])
        (0, 0, 4)
            labels
                None
            weights
                Tensor: tensor([1.1755e-38, 1.1820e-33, 1.0386e-04, 9.9990e-01, 2.9799e-08, 0.0000e+00,
        2.9799e-08, 1.7762e-15, 5.2934e-23, 5.2934e-23])
            true_labels
                Tensor: tensor([[2., 2., 2., 2., 2., 0., 0., 2., 2., 1., 0., 0., 2., 2., 0., 2., 2., 2.,
         2., 2., 2., 2., 0., 0., 2., 0., 2., 2., 0., 2., 0., 2., 2., 0., 2., 0.,
         0., 2., 0., 2., 0., 2., 2., 0., 2., 0., 0., 0., 2., 2.]])
        (0, 0, 5)
            labels
                Tensor: tensor([11, 17, 20, 21, 25, 40, 41, 47])
            weights
                Tensor: tensor([7.1950e-04, 8.2957e-04, 1.3369e-01, 8.6372e-01, 6.8109e-04, 1.6479e-04,
        9.5089e-05, 6.9297e-05, 2.9063e-05, 1.0101e-05])
            true_labels
                Tensor: tensor([0., 2., 2., 2., 0., 0., 2., 0.])
(1,)
    (1, 0)
        (1, 0, 0)
            labels
                Tensor: tensor([19])
            weights
                Tensor: tensor([7.3321e-04, 7.8768e-04, 1.3769e-01, 8.5974e-01, 6.7196e-04, 1.6313e-04,
        8.5926e-05, 9.0610e-05, 3.0753e-05, 3.8765e-06])
            true_labels
                Tensor: tensor([2.])
    (1, 2)
        (1, 2, 0)
            labels
                None
            weights
                Tensor: tensor([1.1755e-38, 2.9077e-32, 1.1755e-38, 1.0000e+00, 2.9802e-08, 0.0000e+00,
        2.9802e-08, 1.7764e-15, 5.2940e-23, 5.2940e-23])
            true_labels
                Tensor: tensor([[2., 2., 2., 2., 2., 0., 0., 2., 2., 1., 0., 0., 2., 2., 0., 2., 2., 2.,
         2., 2., 2., 2., 0., 0., 2., 0., 2., 2., 0., 2., 0., 2., 2., 0., 2., 0.,
         0., 2., 0., 2., 0., 2., 2., 0., 2., 0., 0., 0., 2., 2.]])
(2,)
    (2, 0)
        (2, 0, 0)
            labels
                None
            weights
                Tensor: tensor([1.1755e-38, 3.9054e-12, 1.1755e-38, 1.0000e+00, 2.9802e-08, 1.4901e-08,
        0.0000e+00, 0.0000e+00, 0.0000e+00, 0.0000e+00])
            true_labels
                Tensor: tensor([[2., 2., 2., 2., 2., 0., 0., 2., 2., 1., 0., 0., 2., 2., 0., 2., 2., 2.,
         2., 2., 2., 2., 0., 0., 2., 0., 2., 2., 0., 2., 0., 2., 2., 0., 2., 0.,
         0., 2., 0., 2., 0., 2., 2., 0., 2., 0., 0., 0., 2., 2.]])
