Reconstructed HDP distribution tree:
(0,)
    (0, 0)
        (0, 0, 0)
            labels
                None
            weights
                Tensor: tensor([1.1755e-38, 1.1755e-38, 5.0134e-02, 9.4987e-01, 0.0000e+00, 2.8308e-08,
        2.8308e-08, 1.6873e-15, 1.0057e-22, 5.9945e-30])
            true_labels
                Tensor: tensor([[2., 0., 2., 2., 0., 2., 0., 2., 0., 2., 2., 0., 2., 0., 0., 2., 0., 2.,
         0., 2., 2., 0., 0., 0., 0., 2., 2., 0., 0., 0., 1., 2., 0., 2., 2., 0.,
         2., 2., 2., 2., 0., 0., 0., 2., 2., 1., 0., 0., 0., 2.]])
        (0, 0, 1)
            labels
                Tensor: tensor([ 0,  1,  2,  4,  5,  6,  7,  8, 10, 11, 12, 13, 14, 15, 21, 22, 23, 25,
        27, 28, 30, 32, 33, 34, 35, 36, 37, 38, 40, 41, 42, 43, 45, 46, 47, 48,
        49])
            weights
                Tensor: tensor([7.3602e-04, 8.2643e-04, 1.3383e-01, 8.6358e-01, 6.6214e-04, 1.4825e-04,
        1.0263e-04, 7.0103e-05, 2.8452e-05, 9.9362e-06])
            true_labels
                Tensor: tensor([2., 0., 2., 0., 2., 0., 2., 0., 2., 0., 2., 0., 0., 2., 0., 0., 0., 2.,
        0., 0., 1., 0., 2., 2., 0., 2., 2., 2., 0., 0., 0., 2., 1., 0., 0., 0.,
        2.])
        (0, 0, 2)
            labels
                None
            weights
                Tensor: tensor([1.1755e-38, 1.1755e-38, 6.5536e-12, 1.0000e+00, 2.9802e-08, 0.0000e+00,
        0.0000e+00, 0.0000e+00, 0.0000e+00, 1.4901e-08])
            true_labels
                Tensor: tensor([[2., 0., 2., 2., 0., 2., 0., 2., 0., 2., 2., 0., 2., 0., 0., 2., 0., 2.,
         0., 2., 2., 0., 0., 0., 0., 2., 2., 0., 0., 0., 1., 2., 0., 2., 2., 0.,
         2., 2., 2., 2., 0., 0., 0., 2., 2., 1., 0., 0., 0., 2.]])
        (0, 0, 3)
            labels
                None
            weights
                Tensor: tensor([1.1755e-38, 1.1755e-38, 1.9306e-01, 8.0694e-01, 0.0000e+00, 4.8098e-08,
        0.0000e+00, 0.0000e+00, 0.0000e+00, 1.4334e-15])
            true_labels
                Tensor: tensor([[2., 0., 2., 2., 0., 2., 0., 2., 0., 2., 2., 0., 2., 0., 0., 2., 0., 2.,
         0., 2., 2., 0., 0., 0., 0., 2., 2., 0., 0., 0., 1., 2., 0., 2., 2., 0.,
         2., 2., 2., 2., 0., 0., 0., 2., 2., 1., 0., 0., 0., 2.]])
        (0, 0, 4)
            labels
                None
            weights
                Tensor: tensor([1.1755e-38, 1.1755e-38, 6.6703e-25, 1.0000e+00, 2.9802e-08, 0.0000e+00,
        0.0000e+00, 0.0000e+00, 0.0000e+00, 1.4901e-08])
            true_labels
                Tensor: tensor([[2., 0., 2., 2., 0., 2., 0., 2., 0., 2., 2., 0., 2., 0., 0., 2., 0., 2.,
         0., 2., 2., 0., 0., 0., 0., 2., 2., 0., 0., 0., 1., 2., 0., 2., 2., 0.,
         2., 2., 2., 2., 0., 0., 0., 2., 2., 1., 0., 0., 0., 2.]])
        (0, 0, 5)
            labels
                Tensor: tensor([ 3,  9, 16, 17, 19, 24, 29, 31, 39, 44])
            weights
                Tensor: tensor([7.1788e-04, 8.4386e-04, 1.3424e-01, 8.6315e-01, 6.9682e-04, 1.5265e-04,
        9.8453e-05, 6.2242e-05, 2.8330e-05, 8.5004e-06])
            true_labels
                Tensor: tensor([2., 2., 0., 2., 2., 0., 0., 2., 2., 2.])
(1,)
    (1, 0)
        (1, 0, 0)
            labels
                Tensor: tensor([18, 20, 26])
            weights
                Tensor: tensor([7.2938e-04, 8.1787e-04, 1.3881e-01, 8.5859e-01, 7.0513e-04, 1.4177e-04,
        9.3383e-05, 7.4555e-05, 2.7077e-05, 2.4733e-06])
            true_labels
                Tensor: tensor([0., 2., 2.])
    (1, 2)
        (1, 2, 0)
            labels
                None
            weights
                Tensor: tensor([1.1755e-38, 1.1755e-38, 4.5606e-30, 1.0000e+00, 2.9802e-08, 0.0000e+00,
        0.0000e+00, 0.0000e+00, 0.0000e+00, 1.4901e-08])
            true_labels
                Tensor: tensor([[2., 0., 2., 2., 0., 2., 0., 2., 0., 2., 2., 0., 2., 0., 0., 2., 0., 2.,
         0., 2., 2., 0., 0., 0., 0., 2., 2., 0., 0., 0., 1., 2., 0., 2., 2., 0.,
         2., 2., 2., 2., 0., 0., 0., 2., 2., 1., 0., 0., 0., 2.]])
(2,)
    (2, 0)
        (2, 0, 0)
            labels
                None
            weights
                Tensor: tensor([1.1755e-38, 1.1755e-38, 3.3502e-01, 6.6498e-01, 0.0000e+00, 1.9818e-08,
        1.9818e-08, 1.1812e-15, 7.0407e-23, 4.1966e-30])
            true_labels
                Tensor: tensor([[2., 0., 2., 2., 0., 2., 0., 2., 0., 2., 2., 0., 2., 0., 0., 2., 0., 2.,
         0., 2., 2., 0., 0., 0., 0., 2., 2., 0., 0., 0., 1., 2., 0., 2., 2., 0.,
         2., 2., 2., 2., 0., 0., 0., 2., 2., 1., 0., 0., 0., 2.]])
