Reconstructed HDP distribution tree:
(0,)
    (0, 0)
        (0, 0, 0)
            labels
                None
            weights
                Tensor: tensor([1.1755e-38, 1.1755e-38, 2.5277e-09, 1.0000e+00, 0.0000e+00, 0.0000e+00,
        2.9802e-08, 0.0000e+00, 1.4901e-08, 7.4506e-09])
            true_labels
                Tensor: tensor([[0., 2., 2., 2., 2., 2., 0., 2., 2., 0., 0., 2., 0., 2., 2., 2., 0., 2.,
         0., 0., 0., 0., 1., 2., 0., 0., 2., 2., 2., 2., 0., 0., 2., 0., 2., 0.,
         0., 0., 2., 1., 2., 0., 0., 1., 2., 0., 2., 2., 2., 2.]])
        (0, 0, 1)
            labels
                Tensor: tensor([ 1,  2,  3,  4,  5,  6,  7,  8, 10, 11, 12, 13, 14, 15, 16, 17, 18, 19,
        20, 21, 22, 23, 24, 25, 26, 27, 28, 29, 30, 31, 32, 33, 34, 35, 37, 38,
        39, 41, 42, 43, 44, 48, 49])
            weights
                Tensor: tensor([7.2776e-04, 8.1032e-04, 1.3379e-01, 8.6364e-01, 6.5701e-04, 1.5089e-04,
        1.0832e-04, 7.0542e-05, 2.8103e-05, 1.3319e-05])
            true_labels
                Tensor: tensor([2., 2., 2., 2., 2., 0., 2., 2., 0., 2., 0., 2., 2., 2., 0., 2., 0., 0.,
        0., 0., 1., 2., 0., 0., 2., 2., 2., 2., 0., 0., 2., 0., 2., 0., 0., 2.,
        1., 0., 0., 1., 2., 2., 2.])
        (0, 0, 2)
            labels
                None
            weights
                Tensor: tensor([1.1755e-38, 1.1755e-38, 9.6688e-08, 1.0000e+00, 2.9802e-08, 2.0165e-42,
        2.9802e-08, 1.7764e-15, 1.0588e-22, 6.3109e-30])
            true_labels
                Tensor: tensor([[0., 2., 2., 2., 2., 2., 0., 2., 2., 0., 0., 2., 0., 2., 2., 2., 0., 2.,
         0., 0., 0., 0., 1., 2., 0., 0., 2., 2., 2., 2., 0., 0., 2., 0., 2., 0.,
         0., 0., 2., 1., 2., 0., 0., 1., 2., 0., 2., 2., 2., 2.]])
        (0, 0, 3)
            labels
                None
            weights
                Tensor: tensor([1.1755e-38, 2.8163e-38, 2.0337e-06, 1.0000e+00, 5.9605e-08, 3.5527e-15,
        6.1915e-34, 2.1176e-22, 1.2622e-29, 3.7616e-37])
            true_labels
                Tensor: tensor([[0., 2., 2., 2., 2., 2., 0., 2., 2., 0., 0., 2., 0., 2., 2., 2., 0., 2.,
         0., 0., 0., 0., 1., 2., 0., 0., 2., 2., 2., 2., 0., 0., 2., 0., 2., 0.,
         0., 0., 2., 1., 2., 0., 0., 1., 2., 0., 2., 2., 2., 2.]])
        (0, 0, 4)
            labels
                None
            weights
                Tensor: tensor([1.1755e-38, 1.1755e-38, 7.3309e-16, 1.0000e+00, 2.9802e-08, 2.0165e-42,
        2.9802e-08, 1.7764e-15, 1.0588e-22, 6.3109e-30])
            true_labels
                Tensor: tensor([[0., 2., 2., 2., 2., 2., 0., 2., 2., 0., 0., 2., 0., 2., 2., 2., 0., 2.,
         0., 0., 0., 0., 1., 2., 0., 0., 2., 2., 2., 2., 0., 0., 2., 0., 2., 0.,
         0., 0., 2., 1., 2., 0., 0., 1., 2., 0., 2., 2., 2., 2.]])
        (0, 0, 5)
            labels
                Tensor: tensor([ 0,  9, 40, 45, 46, 47])
            weights
                Tensor: tensor([6.9859e-04, 8.0355e-04, 1.3413e-01, 8.6331e-01, 6.8519e-04, 1.6021e-04,
        1.1322e-04, 6.2808e-05, 2.7121e-05, 1.6579e-05])
            true_labels
                Tensor: tensor([0., 0., 2., 0., 2., 2.])
(1,)
    (1, 0)
        (1, 0, 0)
            labels
                Tensor: tensor([36])
            weights
                Tensor: tensor([6.8932e-04, 7.3727e-04, 1.3851e-01, 8.5898e-01, 6.7704e-04, 1.5573e-04,
        1.2437e-04, 7.7466e-05, 2.7992e-05, 1.5678e-05])
            true_labels
                Tensor: tensor([0.])
    (1, 2)
        (1, 2, 0)
            labels
                None
            weights
                Tensor: tensor([1.1755e-38, 1.1755e-38, 1.1755e-38, 1.0000e+00, 2.9802e-08, 2.0165e-42,
        2.9802e-08, 1.7764e-15, 1.0588e-22, 6.3109e-30])
            true_labels
                Tensor: tensor([[0., 2., 2., 2., 2., 2., 0., 2., 2., 0., 0., 2., 0., 2., 2., 2., 0., 2.,
         0., 0., 0., 0., 1., 2., 0., 0., 2., 2., 2., 2., 0., 0., 2., 0., 2., 0.,
         0., 0., 2., 1., 2., 0., 0., 1., 2., 0., 2., 2., 2., 2.]])
(2,)
    (2, 0)
        (2, 0, 0)
            labels
                None
            weights
                Tensor: tensor([1.1755e-38, 1.1755e-38, 1.1755e-38, 1.0000e+00, 5.9605e-08, 3.5527e-15,
        6.1915e-34, 2.1176e-22, 1.2622e-29, 3.7616e-37])
            true_labels
                Tensor: tensor([[0., 2., 2., 2., 2., 2., 0., 2., 2., 0., 0., 2., 0., 2., 2., 2., 0., 2.,
         0., 0., 0., 0., 1., 2., 0., 0., 2., 2., 2., 2., 0., 0., 2., 0., 2., 0.,
         0., 0., 2., 1., 2., 0., 0., 1., 2., 0., 2., 2., 2., 2.]])
