Reconstructed HDP distribution tree:
(0,)
    (0, 0)
        (0, 0, 0)
            labels
                None
            weights
                Tensor: tensor([1.1755e-38, 1.0769e-01, 1.7344e-01, 7.1887e-01, 0.0000e+00, 0.0000e+00,
        4.2848e-08, 2.5539e-15, 1.5223e-22, 0.0000e+00])
            true_labels
                Tensor: tensor([[2., 2., 0., 0., 0., 0., 2., 0., 0., 0., 2., 0., 2., 2., 1., 2., 2., 2.,
         0., 2., 2., 2., 2., 2., 2., 2., 0., 2., 2., 0., 0., 0., 1., 0., 0., 0.,
         0., 0., 0., 0., 1., 0., 2., 0., 0., 2., 2., 2., 2., 0.]])
        (0, 0, 1)
            labels
                Tensor: tensor([ 0,  3,  4,  5,  6,  7,  8, 10, 11, 12, 13, 14, 15, 17, 19, 20, 21, 22,
        23, 24, 25, 26, 27, 29, 30, 32, 33, 34, 35, 36, 37, 38, 39, 40, 41, 42,
        43, 44, 45, 46, 47])
            weights
                Tensor: tensor([7.3602e-04, 8.0714e-04, 1.3358e-01, 8.6385e-01, 6.4896e-04, 1.5049e-04,
        1.0676e-04, 7.3124e-05, 3.0579e-05, 1.1406e-05])
            true_labels
                Tensor: tensor([2., 0., 0., 0., 2., 0., 0., 2., 0., 2., 2., 1., 2., 2., 2., 2., 2., 2.,
        2., 2., 2., 0., 2., 0., 0., 1., 0., 0., 0., 0., 0., 0., 0., 1., 0., 2.,
        0., 0., 2., 2., 2.])
        (0, 0, 2)
            labels
                None
            weights
                Tensor: tensor([1.1755e-38, 1.1755e-38, 7.4156e-05, 9.9993e-01, 0.0000e+00, 0.0000e+00,
        0.0000e+00, 0.0000e+00, 5.9600e-08, 3.5525e-15])
            true_labels
                Tensor: tensor([[2., 2., 0., 0., 0., 0., 2., 0., 0., 0., 2., 0., 2., 2., 1., 2., 2., 2.,
         0., 2., 2., 2., 2., 2., 2., 2., 0., 2., 2., 0., 0., 0., 1., 0., 0., 0.,
         0., 0., 0., 0., 1., 0., 2., 0., 0., 2., 2., 2., 2., 0.]])
        (0, 0, 3)
            labels
                None
            weights
                Tensor: tensor([1.1755e-38, 9.5952e-02, 3.4342e-02, 8.6971e-01, 5.1838e-08, 3.0898e-15,
        9.2084e-23, 0.0000e+00, 9.2084e-23, 0.0000e+00])
            true_labels
                Tensor: tensor([[2., 2., 0., 0., 0., 0., 2., 0., 0., 0., 2., 0., 2., 2., 1., 2., 2., 2.,
         0., 2., 2., 2., 2., 2., 2., 2., 0., 2., 2., 0., 0., 0., 1., 0., 0., 0.,
         0., 0., 0., 0., 1., 0., 2., 0., 0., 2., 2., 2., 2., 0.]])
        (0, 0, 4)
            labels
                None
            weights
                Tensor: tensor([1.1755e-38, 1.1755e-38, 1.0564e-09, 1.0000e+00, 0.0000e+00, 0.0000e+00,
        0.0000e+00, 0.0000e+00, 5.9605e-08, 3.5527e-15])
            true_labels
                Tensor: tensor([[2., 2., 0., 0., 0., 0., 2., 0., 0., 0., 2., 0., 2., 2., 1., 2., 2., 2.,
         0., 2., 2., 2., 2., 2., 2., 2., 0., 2., 2., 0., 0., 0., 1., 0., 0., 0.,
         0., 0., 0., 0., 1., 0., 2., 0., 0., 2., 2., 2., 2., 0.]])
        (0, 0, 5)
            labels
                Tensor: tensor([ 1,  9, 16, 18, 28, 31, 48, 49])
            weights
                Tensor: tensor([7.1403e-04, 7.9772e-04, 1.3371e-01, 8.6373e-01, 6.6340e-04, 1.6024e-04,
        1.0900e-04, 6.9322e-05, 3.4144e-05, 1.1550e-05])
            true_labels
                Tensor: tensor([2., 0., 2., 0., 2., 0., 2., 0.])
(1,)
    (1, 0)
        (1, 0, 0)
            labels
                Tensor: tensor([2])
            weights
                Tensor: tensor([7.2022e-04, 7.2357e-04, 1.3779e-01, 8.5973e-01, 6.3024e-04, 1.5251e-04,
        1.1419e-04, 9.2204e-05, 4.2127e-05, 5.6653e-06])
            true_labels
                Tensor: tensor([0.])
    (1, 2)
        (1, 2, 0)
            labels
                None
            weights
                Tensor: tensor([1.1755e-38, 1.1363e-10, 1.1755e-38, 1.0000e+00, 0.0000e+00, 0.0000e+00,
        0.0000e+00, 0.0000e+00, 5.9605e-08, 3.5527e-15])
            true_labels
                Tensor: tensor([[2., 2., 0., 0., 0., 0., 2., 0., 0., 0., 2., 0., 2., 2., 1., 2., 2., 2.,
         0., 2., 2., 2., 2., 2., 2., 2., 0., 2., 2., 0., 0., 0., 1., 0., 0., 0.,
         0., 0., 0., 0., 1., 0., 2., 0., 0., 2., 2., 2., 2., 0.]])
(2,)
    (2, 0)
        (2, 0, 0)
            labels
                None
            weights
                Tensor: tensor([1.1755e-38, 7.4630e-01, 2.9822e-39, 2.5370e-01, 1.5122e-08, 9.0132e-16,
        5.3723e-23, 3.2021e-30, 1.9086e-37, 0.0000e+00])
            true_labels
                Tensor: tensor([[2., 2., 0., 0., 0., 0., 2., 0., 0., 0., 2., 0., 2., 2., 1., 2., 2., 2.,
         0., 2., 2., 2., 2., 2., 2., 2., 0., 2., 2., 0., 0., 0., 1., 0., 0., 0.,
         0., 0., 0., 0., 1., 0., 2., 0., 0., 2., 2., 2., 2., 0.]])
