Reconstructed HDP distribution tree:
(0,)
    (0, 0)
        (0, 0, 0)
            labels
                None
            weights
                Tensor: tensor([1.1755e-38, 1.1755e-38, 3.8413e-03, 9.9616e-01, 0.0000e+00, 5.9376e-08,
        0.0000e+00, 3.5391e-15, 2.1094e-22, 1.1210e-44])
            true_labels
                Tensor: tensor([[2., 0., 2., 1., 0., 0., 2., 2., 0., 0., 2., 1., 2., 2., 2., 2., 0., 2.,
         0., 0., 0., 2., 2., 0., 0., 0., 2., 2., 2., 2., 0., 0., 1., 2., 0., 2.,
         2., 0., 0., 0., 0., 0., 0., 0., 0., 2., 0., 0., 0., 2.]])
        (0, 0, 1)
            labels
                Tensor: tensor([ 0,  1,  2,  5,  6,  7,  8,  9, 10, 12, 14, 15, 16, 17, 18, 19, 21, 22,
        23, 24, 26, 27, 28, 29, 30, 31, 32, 34, 36, 37, 38, 40, 41, 42, 44, 45,
        46, 48])
            weights
                Tensor: tensor([7.2865e-04, 8.2425e-04, 1.3367e-01, 8.6376e-01, 6.4367e-04, 1.4975e-04,
        1.0804e-04, 6.8932e-05, 2.9762e-05, 1.1256e-05])
            true_labels
                Tensor: tensor([2., 0., 2., 0., 2., 2., 0., 0., 2., 2., 2., 2., 0., 2., 0., 0., 2., 2.,
        0., 0., 2., 2., 2., 2., 0., 0., 1., 0., 2., 0., 0., 0., 0., 0., 0., 2.,
        0., 0.])
        (0, 0, 2)
            labels
                None
            weights
                Tensor: tensor([1.1755e-38, 1.1755e-38, 1.4045e-07, 1.0000e+00, 0.0000e+00, 2.9802e-08,
        0.0000e+00, 0.0000e+00, 0.0000e+00, 2.9802e-08])
            true_labels
                Tensor: tensor([[2., 0., 2., 1., 0., 0., 2., 2., 0., 0., 2., 1., 2., 2., 2., 2., 0., 2.,
         0., 0., 0., 2., 2., 0., 0., 0., 2., 2., 2., 2., 0., 0., 1., 2., 0., 2.,
         2., 0., 0., 0., 0., 0., 0., 0., 0., 2., 0., 0., 0., 2.]])
        (0, 0, 3)
            labels
                None
            weights
                Tensor: tensor([1.1755e-38, 1.1755e-38, 1.2375e-02, 9.8762e-01, 2.9434e-08, 2.9434e-08,
        8.7719e-16, 8.7719e-16, 0.0000e+00, 2.6142e-23])
            true_labels
                Tensor: tensor([[2., 0., 2., 1., 0., 0., 2., 2., 0., 0., 2., 1., 2., 2., 2., 2., 0., 2.,
         0., 0., 0., 2., 2., 0., 0., 0., 2., 2., 2., 2., 0., 0., 1., 2., 0., 2.,
         2., 0., 0., 0., 0., 0., 0., 0., 0., 2., 0., 0., 0., 2.]])
        (0, 0, 4)
            labels
                None
            weights
                Tensor: tensor([1.1755e-38, 1.1755e-38, 2.4561e-16, 1.0000e+00, 0.0000e+00, 2.9802e-08,
        0.0000e+00, 0.0000e+00, 0.0000e+00, 2.9802e-08])
            true_labels
                Tensor: tensor([[2., 0., 2., 1., 0., 0., 2., 2., 0., 0., 2., 1., 2., 2., 2., 2., 0., 2.,
         0., 0., 0., 2., 2., 0., 0., 0., 2., 2., 2., 2., 0., 0., 1., 2., 0., 2.,
         2., 0., 0., 0., 0., 0., 0., 0., 0., 2., 0., 0., 0., 2.]])
        (0, 0, 5)
            labels
                Tensor: tensor([ 3,  4, 11, 13, 25, 35, 39, 43, 47, 49])
            weights
                Tensor: tensor([6.9977e-04, 8.3848e-04, 1.3383e-01, 8.6361e-01, 6.5028e-04, 1.5702e-04,
        1.1192e-04, 5.9010e-05, 3.1643e-05, 1.1403e-05])
            true_labels
                Tensor: tensor([1., 0., 1., 2., 0., 2., 0., 0., 0., 2.])
(1,)
    (1, 0)
        (1, 0, 0)
            labels
                Tensor: tensor([20, 33])
            weights
                Tensor: tensor([6.9124e-04, 8.0682e-04, 1.3793e-01, 8.5958e-01, 6.0765e-04, 1.4945e-04,
        1.2212e-04, 6.8887e-05, 3.7926e-05, 4.2948e-06])
            true_labels
                Tensor: tensor([0., 2.])
    (1, 2)
        (1, 2, 0)
            labels
                None
            weights
                Tensor: tensor([1.1755e-38, 1.1755e-38, 1.1755e-38, 1.0000e+00, 0.0000e+00, 2.9802e-08,
        0.0000e+00, 0.0000e+00, 0.0000e+00, 2.9802e-08])
            true_labels
                Tensor: tensor([[2., 0., 2., 1., 0., 0., 2., 2., 0., 0., 2., 1., 2., 2., 2., 2., 0., 2.,
         0., 0., 0., 2., 2., 0., 0., 0., 2., 2., 2., 2., 0., 0., 1., 2., 0., 2.,
         2., 0., 0., 0., 0., 0., 0., 0., 0., 2., 0., 0., 0., 2.]])
(2,)
    (2, 0)
        (2, 0, 0)
            labels
                None
            weights
                Tensor: tensor([1.1755e-38, 1.1755e-38, 1.1755e-38, 1.0000e+00, 2.9802e-08, 2.9802e-08,
        8.8818e-16, 8.8818e-16, 0.0000e+00, 2.6470e-23])
            true_labels
                Tensor: tensor([[2., 0., 2., 1., 0., 0., 2., 2., 0., 0., 2., 1., 2., 2., 2., 2., 0., 2.,
         0., 0., 0., 2., 2., 0., 0., 0., 2., 2., 2., 2., 0., 0., 1., 2., 0., 2.,
         2., 0., 0., 0., 0., 0., 0., 0., 0., 2., 0., 0., 0., 2.]])
