Reconstructed HDP distribution tree:
(0,)
    (0, 0)
        (0, 0, 0)
            labels
                None
            weights
                Tensor: tensor([1.1755e-38, 1.1755e-38, 4.5967e-01, 5.4033e-01, 1.6103e-08, 8.0516e-09,
        1.4362e-28, 8.0516e-09, 0.0000e+00, 0.0000e+00])
            true_labels
                Tensor: tensor([[2., 0., 0., 2., 0., 0., 2., 2., 0., 2., 2., 0., 2., 0., 0., 0., 0., 0.,
         0., 1., 2., 0., 0., 2., 0., 2., 0., 0., 0., 0., 2., 0., 0., 2., 2., 2.,
         0., 2., 0., 0., 2., 2., 0., 0., 0., 0., 2., 0., 0., 0.]])
        (0, 0, 1)
            labels
                Tensor: tensor([ 0,  2,  3,  4,  7,  9, 10, 11, 12, 13, 14, 15, 16, 17, 18, 19, 20, 21,
        22, 23, 26, 27, 28, 29, 30, 31, 32, 33, 37, 38, 39, 40, 41, 42, 43, 44,
        45, 47, 49])
            weights
                Tensor: tensor([7.2832e-04, 8.2282e-04, 1.3354e-01, 8.6388e-01, 6.5222e-04, 1.5393e-04,
        1.0862e-04, 7.2432e-05, 3.0687e-05, 1.0942e-05])
            true_labels
                Tensor: tensor([2., 0., 2., 0., 2., 2., 2., 0., 2., 0., 0., 0., 0., 0., 0., 1., 2., 0.,
        0., 2., 0., 0., 0., 0., 2., 0., 0., 2., 2., 0., 0., 2., 2., 0., 0., 0.,
        0., 0., 0.])
        (0, 0, 2)
            labels
                None
            weights
                Tensor: tensor([1.1755e-38, 1.1755e-38, 2.1010e-02, 9.7899e-01, 0.0000e+00, 0.0000e+00,
        5.8352e-08, 3.4781e-15, 2.0731e-22, 1.2357e-29])
            true_labels
                Tensor: tensor([[2., 0., 0., 2., 0., 0., 2., 2., 0., 2., 2., 0., 2., 0., 0., 0., 0., 0.,
         0., 1., 2., 0., 0., 2., 0., 2., 0., 0., 0., 0., 2., 0., 0., 2., 2., 2.,
         0., 2., 0., 0., 2., 2., 0., 0., 0., 0., 2., 0., 0., 0.]])
        (0, 0, 3)
            labels
                None
            weights
                Tensor: tensor([1.1755e-38, 1.1755e-38, 6.7892e-01, 3.2108e-01, 9.5688e-09, 9.5688e-09,
        5.7034e-16, 0.0000e+00, 1.6998e-23, 8.4988e-24])
            true_labels
                Tensor: tensor([[2., 0., 0., 2., 0., 0., 2., 2., 0., 2., 2., 0., 2., 0., 0., 0., 0., 0.,
         0., 1., 2., 0., 0., 2., 0., 2., 0., 0., 0., 0., 2., 0., 0., 2., 2., 2.,
         0., 2., 0., 0., 2., 2., 0., 0., 0., 0., 2., 0., 0., 0.]])
        (0, 0, 4)
            labels
                None
            weights
                Tensor: tensor([1.1755e-38, 1.1755e-38, 2.2576e-04, 9.9977e-01, 0.0000e+00, 0.0000e+00,
        5.9591e-08, 3.5519e-15, 2.1171e-22, 1.2619e-29])
            true_labels
                Tensor: tensor([[2., 0., 0., 2., 0., 0., 2., 2., 0., 2., 2., 0., 2., 0., 0., 0., 0., 0.,
         0., 1., 2., 0., 0., 2., 0., 2., 0., 0., 0., 0., 2., 0., 0., 2., 2., 2.,
         0., 2., 0., 0., 2., 2., 0., 0., 0., 0., 2., 0., 0., 0.]])
        (0, 0, 5)
            labels
                Tensor: tensor([ 1,  5,  6,  8, 24, 25, 34, 36, 46, 48])
            weights
                Tensor: tensor([6.9510e-04, 8.3826e-04, 1.3363e-01, 8.6377e-01, 6.7211e-04, 1.6933e-04,
        1.1375e-04, 6.7677e-05, 3.4275e-05, 1.0512e-05])
            true_labels
                Tensor: tensor([0., 0., 2., 0., 0., 2., 2., 0., 2., 0.])
(1,)
    (1, 0)
        (1, 0, 0)
            labels
                Tensor: tensor([35])
            weights
                Tensor: tensor([6.7846e-04, 8.0536e-04, 1.3763e-01, 8.5981e-01, 6.4737e-04, 1.7134e-04,
        1.2527e-04, 8.8633e-05, 4.1429e-05, 4.5534e-06])
            true_labels
                Tensor: tensor([2.])
    (1, 2)
        (1, 2, 0)
            labels
                None
            weights
                Tensor: tensor([1.1755e-38, 1.1755e-38, 1.0000e+00, 5.9605e-08, 3.5527e-15, 2.1176e-22,
        0.0000e+00, 0.0000e+00, 0.0000e+00, 6.3109e-30])
            true_labels
                Tensor: tensor([[2., 0., 0., 2., 0., 0., 2., 2., 0., 2., 2., 0., 2., 0., 0., 0., 0., 0.,
         0., 1., 2., 0., 0., 2., 0., 2., 0., 0., 0., 0., 2., 0., 0., 2., 2., 2.,
         0., 2., 0., 0., 2., 2., 0., 0., 0., 0., 2., 0., 0., 0.]])
(2,)
    (2, 0)
        (2, 0, 0)
            labels
                None
            weights
                Tensor: tensor([1.1755e-38, 1.1755e-38, 9.7709e-01, 2.2907e-02, 6.8269e-10, 3.4134e-10,
        6.0887e-30, 3.4134e-10, 0.0000e+00, 0.0000e+00])
            true_labels
                Tensor: tensor([[2., 0., 0., 2., 0., 0., 2., 2., 0., 2., 2., 0., 2., 0., 0., 0., 0., 0.,
         0., 1., 2., 0., 0., 2., 0., 2., 0., 0., 0., 0., 2., 0., 0., 2., 2., 2.,
         0., 2., 0., 0., 2., 2., 0., 0., 0., 0., 2., 0., 0., 0.]])
