Reconstructed HDP distribution tree:
(0,)
    (0, 0)
        (0, 0, 0)
            labels
                None
            weights
                Tensor: tensor([1.1755e-38, 6.3780e-32, 9.0796e-05, 9.9991e-01, 0.0000e+00, 2.9800e-08,
        1.4900e-08, 1.4900e-08, 0.0000e+00, 8.8810e-16])
            true_labels
                Tensor: tensor([[2., 0., 2., 0., 2., 0., 2., 2., 0., 0., 0., 2., 2., 1., 0., 2., 0., 2.,
         0., 0., 2., 2., 2., 0., 2., 0., 2., 0., 0., 0., 2., 0., 2., 2., 0., 1.,
         2., 2., 0., 2., 2., 0., 1., 2., 2., 0., 2., 1., 2., 2.]])
        (0, 0, 1)
            labels
                Tensor: tensor([ 0,  2,  3,  4,  5,  6,  7,  8,  9, 11, 12, 13, 14, 15, 16, 17, 18, 19,
        20, 21, 22, 24, 26, 27, 28, 29, 31, 32, 33, 34, 35, 36, 37, 38, 39, 40,
        41, 42, 43, 44, 45, 47, 48, 49])
            weights
                Tensor: tensor([7.3508e-04, 8.2093e-04, 1.3365e-01, 8.6376e-01, 6.6368e-04, 1.5111e-04,
        1.0535e-04, 6.8924e-05, 2.8556e-05, 1.0451e-05])
            true_labels
                Tensor: tensor([2., 2., 0., 2., 0., 2., 2., 0., 0., 2., 2., 1., 0., 2., 0., 2., 0., 0.,
        2., 2., 2., 2., 2., 0., 0., 0., 0., 2., 2., 0., 1., 2., 2., 0., 2., 2.,
        0., 1., 2., 2., 0., 1., 2., 2.])
        (0, 0, 2)
            labels
                None
            weights
                Tensor: tensor([1.1755e-38, 1.1755e-38, 1.1215e-02, 9.8879e-01, 2.9468e-08, 1.4734e-08,
        1.4734e-08, 8.7822e-16, 0.0000e+00, 5.2346e-23])
            true_labels
                Tensor: tensor([[2., 0., 2., 0., 2., 0., 2., 2., 0., 0., 0., 2., 2., 1., 0., 2., 0., 2.,
         0., 0., 2., 2., 2., 0., 2., 0., 2., 0., 0., 0., 2., 0., 2., 2., 0., 1.,
         2., 2., 0., 2., 2., 0., 1., 2., 2., 0., 2., 1., 2., 2.]])
        (0, 0, 3)
            labels
                None
            weights
                Tensor: tensor([1.1755e-38, 8.9205e-26, 1.8011e-03, 9.9820e-01, 5.9497e-08, 3.5463e-15,
        0.0000e+00, 1.4542e-35, 1.0569e-22, 1.0569e-22])
            true_labels
                Tensor: tensor([[2., 0., 2., 0., 2., 0., 2., 2., 0., 0., 0., 2., 2., 1., 0., 2., 0., 2.,
         0., 0., 2., 2., 2., 0., 2., 0., 2., 0., 0., 0., 2., 0., 2., 2., 0., 1.,
         2., 2., 0., 2., 2., 0., 1., 2., 2., 0., 2., 1., 2., 2.]])
        (0, 0, 4)
            labels
                None
            weights
                Tensor: tensor([1.1755e-38, 1.1755e-38, 4.4164e-04, 9.9956e-01, 2.9789e-08, 1.4895e-08,
        1.4895e-08, 8.8779e-16, 0.0000e+00, 5.2916e-23])
            true_labels
                Tensor: tensor([[2., 0., 2., 0., 2., 0., 2., 2., 0., 0., 0., 2., 2., 1., 0., 2., 0., 2.,
         0., 0., 2., 2., 2., 0., 2., 0., 2., 0., 0., 0., 2., 0., 2., 2., 0., 1.,
         2., 2., 0., 2., 2., 0., 1., 2., 2., 0., 2., 1., 2., 2.]])
        (0, 0, 5)
            labels
                Tensor: tensor([ 1, 23, 25, 30, 46])
            weights
                Tensor: tensor([7.1463e-04, 8.3066e-04, 1.3383e-01, 8.6356e-01, 7.0047e-04, 1.5998e-04,
        1.0503e-04, 5.9425e-05, 2.8695e-05, 1.0088e-05])
            true_labels
                Tensor: tensor([0., 0., 0., 2., 2.])
(1,)
    (1, 0)
        (1, 0, 0)
            labels
                Tensor: tensor([10])
            weights
                Tensor: tensor([7.2236e-04, 7.8954e-04, 1.3799e-01, 8.5942e-01, 7.1439e-04, 1.5380e-04,
        1.0695e-04, 6.8813e-05, 2.9699e-05, 3.9348e-06])
            true_labels
                Tensor: tensor([0.])
    (1, 2)
        (1, 2, 0)
            labels
                None
            weights
                Tensor: tensor([1.1755e-38, 1.1755e-38, 9.1845e-31, 1.0000e+00, 2.9802e-08, 1.4901e-08,
        1.4901e-08, 8.8818e-16, 0.0000e+00, 5.2940e-23])
            true_labels
                Tensor: tensor([[2., 0., 2., 0., 2., 0., 2., 2., 0., 0., 0., 2., 2., 1., 0., 2., 0., 2.,
         0., 0., 2., 2., 2., 0., 2., 0., 2., 0., 0., 0., 2., 0., 2., 2., 0., 1.,
         2., 2., 0., 2., 2., 0., 1., 2., 2., 0., 2., 1., 2., 2.]])
(2,)
    (2, 0)
        (2, 0, 0)
            labels
                None
            weights
                Tensor: tensor([1.1755e-38, 6.7925e-32, 1.1755e-38, 1.0000e+00, 5.9605e-08, 3.5527e-15,
        0.0000e+00, 1.4568e-35, 1.0588e-22, 1.0588e-22])
            true_labels
                Tensor: tensor([[2., 0., 2., 0., 2., 0., 2., 2., 0., 0., 0., 2., 2., 1., 0., 2., 0., 2.,
         0., 0., 2., 2., 2., 0., 2., 0., 2., 0., 0., 0., 2., 0., 2., 2., 0., 1.,
         2., 2., 0., 2., 2., 0., 1., 2., 2., 0., 2., 1., 2., 2.]])
