Reconstructed HDP distribution tree:
(0,)
    (0, 0)
        (0, 0, 0)
            labels
                None
            weights
                Tensor: tensor([1.9814e-13, 9.1075e-18, 2.7329e-03, 9.9727e-01, 0.0000e+00, 5.9442e-08,
        0.0000e+00, 1.7715e-15, 0.0000e+00, 1.7715e-15])
            true_labels
                Tensor: tensor([[0., 0., 0., 0., 0., 0., 0., 2., 1., 0., 0., 2., 2., 2., 0., 2., 0., 2.,
         2., 0., 0., 2., 0., 2., 2., 2., 0., 0., 2., 0., 0., 0., 0., 0., 2., 2.,
         0., 2., 0., 2., 0., 0., 0., 2., 0., 2., 2., 2., 2., 2.]])
        (0, 0, 1)
            labels
                Tensor: tensor([ 0,  1,  2,  3,  4,  5,  6,  7,  8,  9, 10, 11, 12, 14, 15, 16, 18, 19,
        20, 21, 22, 23, 25, 26, 27, 28, 30, 31, 32, 33, 34, 35, 36, 37, 38, 40,
        41, 42, 43, 44, 45, 46, 47, 48, 49])
            weights
                Tensor: tensor([7.2768e-04, 8.2380e-04, 1.3366e-01, 8.6376e-01, 6.5666e-04, 1.5156e-04,
        1.0976e-04, 7.0313e-05, 3.1932e-05, 1.1245e-05])
            true_labels
                Tensor: tensor([0., 0., 0., 0., 0., 0., 0., 2., 1., 0., 0., 2., 2., 0., 2., 0., 2., 0.,
        0., 2., 0., 2., 2., 0., 0., 2., 0., 0., 0., 0., 2., 2., 0., 2., 0., 0.,
        0., 0., 2., 0., 2., 2., 2., 2., 2.])
        (0, 0, 2)
            labels
                None
            weights
                Tensor: tensor([1.0948e-13, 1.1755e-38, 6.5959e-09, 1.0000e+00, 0.0000e+00, 0.0000e+00,
        5.9605e-08, 1.7764e-15, 1.7764e-15, 0.0000e+00])
            true_labels
                Tensor: tensor([[0., 0., 0., 0., 0., 0., 0., 2., 1., 0., 0., 2., 2., 2., 0., 2., 0., 2.,
         2., 0., 0., 2., 0., 2., 2., 2., 0., 0., 2., 0., 0., 0., 0., 0., 2., 2.,
         0., 2., 0., 2., 0., 0., 0., 2., 0., 2., 2., 2., 2., 2.]])
        (0, 0, 3)
            labels
                None
            weights
                Tensor: tensor([1.7914e-12, 1.7549e-14, 4.0818e-01, 5.9182e-01, 0.0000e+00, 3.5275e-08,
        1.4013e-44, 1.0513e-15, 2.4902e-22, 0.0000e+00])
            true_labels
                Tensor: tensor([[0., 0., 0., 0., 0., 0., 0., 2., 1., 0., 0., 2., 2., 2., 0., 2., 0., 2.,
         2., 0., 0., 2., 0., 2., 2., 2., 0., 0., 2., 0., 0., 0., 0., 0., 2., 2.,
         0., 2., 0., 2., 0., 0., 0., 2., 0., 2., 2., 2., 2., 2.]])
        (0, 0, 4)
            labels
                None
            weights
                Tensor: tensor([2.4109e-13, 1.1755e-38, 2.6198e-18, 1.0000e+00, 0.0000e+00, 0.0000e+00,
        5.9605e-08, 1.7764e-15, 1.7764e-15, 0.0000e+00])
            true_labels
                Tensor: tensor([[0., 0., 0., 0., 0., 0., 0., 2., 1., 0., 0., 2., 2., 2., 0., 2., 0., 2.,
         2., 0., 0., 2., 0., 2., 2., 2., 0., 0., 2., 0., 0., 0., 0., 0., 2., 2.,
         0., 2., 0., 2., 0., 0., 0., 2., 0., 2., 2., 2., 2., 2.]])
        (0, 0, 5)
            labels
                Tensor: tensor([13, 17, 24, 29])
            weights
                Tensor: tensor([6.9417e-04, 8.4004e-04, 1.3385e-01, 8.6354e-01, 6.8231e-04, 1.6281e-04,
        1.1624e-04, 6.2272e-05, 3.7372e-05, 1.1602e-05])
            true_labels
                Tensor: tensor([2., 2., 2., 0.])
(1,)
    (1, 0)
        (1, 0, 0)
            labels
                Tensor: tensor([39])
            weights
                Tensor: tensor([6.8110e-04, 8.1051e-04, 1.3807e-01, 8.5934e-01, 6.7308e-04, 1.5763e-04,
        1.3155e-04, 7.5755e-05, 5.0608e-05, 5.4574e-06])
            true_labels
                Tensor: tensor([2.])
    (1, 2)
        (1, 2, 0)
            labels
                None
            weights
                Tensor: tensor([8.5599e-13, 1.1755e-38, 5.7383e-06, 9.9999e-01, 0.0000e+00, 0.0000e+00,
        5.9604e-08, 1.7763e-15, 1.7763e-15, 0.0000e+00])
            true_labels
                Tensor: tensor([[0., 0., 0., 0., 0., 0., 0., 2., 1., 0., 0., 2., 2., 2., 0., 2., 0., 2.,
         2., 0., 0., 2., 0., 2., 2., 2., 0., 0., 2., 0., 0., 0., 0., 0., 2., 2.,
         0., 2., 0., 2., 0., 0., 0., 2., 0., 2., 2., 2., 2., 2.]])
(2,)
    (2, 0)
        (2, 0, 0)
            labels
                None
            weights
                Tensor: tensor([2.1121e-13, 1.0162e-17, 3.3345e-21, 1.0000e+00, 5.9605e-08, 3.5527e-15,
        0.0000e+00, 2.1176e-22, 6.3109e-30, 3.1554e-30])
            true_labels
                Tensor: tensor([[0., 0., 0., 0., 0., 0., 0., 2., 1., 0., 0., 2., 2., 2., 0., 2., 0., 2.,
         2., 0., 0., 2., 0., 2., 2., 2., 0., 0., 2., 0., 0., 0., 0., 0., 2., 2.,
         0., 2., 0., 2., 0., 0., 0., 2., 0., 2., 2., 2., 2., 2.]])
