Reconstructed HDP distribution tree:
(0,)
    (0, 0)
        (0, 0, 0)
            labels
                None
            weights
                Tensor: tensor([1.1755e-38, 1.1755e-38, 2.1859e-02, 9.7814e-01, 5.8302e-08, 3.4751e-15,
        2.0713e-22, 1.2346e-29, 0.0000e+00, 2.5250e-41])
            true_labels
                Tensor: tensor([[0., 0., 2., 2., 2., 2., 0., 0., 0., 0., 0., 2., 2., 2., 0., 0., 2., 0.,
         2., 2., 1., 0., 0., 2., 2., 2., 2., 0., 2., 0., 2., 2., 0., 0., 2., 0.,
         0., 2., 2., 2., 0., 0., 2., 2., 0., 0., 0., 2., 2., 0.]])
        (0, 0, 1)
            labels
                Tensor: tensor([ 0,  1,  2,  3,  5,  6,  8, 10, 11, 13, 14, 15, 17, 18, 19, 20, 21, 22,
        23, 24, 25, 26, 27, 28, 29, 30, 31, 33, 34, 35, 36, 37, 39, 40, 41, 42,
        43, 44, 47, 48, 49])
            weights
                Tensor: tensor([7.3792e-04, 8.1016e-04, 1.3377e-01, 8.6366e-01, 6.5507e-04, 1.5256e-04,
        1.0928e-04, 7.0501e-05, 3.0239e-05, 1.1389e-05])
            true_labels
                Tensor: tensor([0., 0., 2., 2., 2., 0., 0., 0., 2., 2., 0., 0., 0., 2., 2., 1., 0., 0.,
        2., 2., 2., 2., 0., 2., 0., 2., 2., 0., 2., 0., 0., 2., 2., 0., 0., 2.,
        2., 0., 2., 2., 0.])
        (0, 0, 2)
            labels
                None
            weights
                Tensor: tensor([1.1755e-38, 1.1755e-38, 9.5534e-03, 9.9045e-01, 0.0000e+00, 2.9518e-08,
        1.4759e-08, 7.3794e-09, 3.6897e-09, 3.6897e-09])
            true_labels
                Tensor: tensor([[0., 0., 2., 2., 2., 2., 0., 0., 0., 0., 0., 2., 2., 2., 0., 0., 2., 0.,
         2., 2., 1., 0., 0., 2., 2., 2., 2., 0., 2., 0., 2., 2., 0., 0., 2., 0.,
         0., 2., 2., 2., 0., 0., 2., 2., 0., 0., 0., 2., 2., 0.]])
        (0, 0, 3)
            labels
                None
            weights
                Tensor: tensor([1.1755e-38, 1.1755e-38, 2.9620e-02, 9.7038e-01, 0.0000e+00, 2.8920e-08,
        1.4460e-08, 7.2299e-09, 3.6149e-09, 3.6149e-09])
            true_labels
                Tensor: tensor([[0., 0., 2., 2., 2., 2., 0., 0., 0., 0., 0., 2., 2., 2., 0., 0., 2., 0.,
         2., 2., 1., 0., 0., 2., 2., 2., 2., 0., 2., 0., 2., 2., 0., 0., 2., 0.,
         0., 2., 2., 2., 0., 0., 2., 2., 0., 0., 0., 2., 2., 0.]])
        (0, 0, 4)
            labels
                None
            weights
                Tensor: tensor([1.1755e-38, 1.1755e-38, 2.0545e-05, 9.9998e-01, 0.0000e+00, 2.9802e-08,
        1.4901e-08, 7.4504e-09, 3.7252e-09, 3.7252e-09])
            true_labels
                Tensor: tensor([[0., 0., 2., 2., 2., 2., 0., 0., 0., 0., 0., 2., 2., 2., 0., 0., 2., 0.,
         2., 2., 1., 0., 0., 2., 2., 2., 2., 0., 2., 0., 2., 2., 0., 0., 2., 0.,
         0., 2., 2., 2., 0., 0., 2., 2., 0., 0., 0., 2., 2., 0.]])
        (0, 0, 5)
            labels
                Tensor: tensor([ 4,  7, 12, 16, 32, 38, 46])
            weights
                Tensor: tensor([7.2220e-04, 8.0336e-04, 1.3409e-01, 8.6331e-01, 6.7866e-04, 1.6454e-04,
        1.1501e-04, 6.2867e-05, 3.2929e-05, 1.1711e-05])
            true_labels
                Tensor: tensor([2., 0., 2., 2., 0., 2., 0.])
(1,)
    (1, 0)
        (1, 0, 0)
            labels
                Tensor: tensor([ 9, 45])
            weights
                Tensor: tensor([7.3879e-04, 7.3440e-04, 1.3854e-01, 8.5890e-01, 6.6632e-04, 1.6478e-04,
        1.2894e-04, 7.7249e-05, 4.0334e-05, 5.5349e-06])
            true_labels
                Tensor: tensor([0., 0.])
    (1, 2)
        (1, 2, 0)
            labels
                None
            weights
                Tensor: tensor([1.1755e-38, 1.1755e-38, 1.1755e-38, 1.0000e+00, 0.0000e+00, 2.9802e-08,
        1.4901e-08, 7.4506e-09, 3.7253e-09, 3.7253e-09])
            true_labels
                Tensor: tensor([[0., 0., 2., 2., 2., 2., 0., 0., 0., 0., 0., 2., 2., 2., 0., 0., 2., 0.,
         2., 2., 1., 0., 0., 2., 2., 2., 2., 0., 2., 0., 2., 2., 0., 0., 2., 0.,
         0., 2., 2., 2., 0., 0., 2., 2., 0., 0., 0., 2., 2., 0.]])
(2,)
    (2, 0)
        (2, 0, 0)
            labels
                None
            weights
                Tensor: tensor([1.1755e-38, 1.1755e-38, 1.1755e-38, 1.0000e+00, 0.0000e+00, 2.9802e-08,
        1.4901e-08, 7.4506e-09, 3.7253e-09, 3.7253e-09])
            true_labels
                Tensor: tensor([[0., 0., 2., 2., 2., 2., 0., 0., 0., 0., 0., 2., 2., 2., 0., 0., 2., 0.,
         2., 2., 1., 0., 0., 2., 2., 2., 2., 0., 2., 0., 2., 2., 0., 0., 2., 0.,
         0., 2., 2., 2., 0., 0., 2., 2., 0., 0., 0., 2., 2., 0.]])
