Reconstructed HDP distribution tree:
(0,)
    (0, 0)
        (0, 0, 0)
            labels
                None
            weights
                Tensor: tensor([1.1755e-38, 1.1755e-38, 2.6745e-07, 1.0000e+00, 2.9802e-08, 8.4599e-24,
        1.4901e-08, 1.4901e-08, 0.0000e+00, 0.0000e+00])
            true_labels
                Tensor: tensor([[2., 2., 2., 0., 2., 1., 2., 0., 2., 2., 2., 2., 2., 2., 2., 0., 2., 0.,
         2., 2., 0., 2., 0., 2., 0., 0., 2., 2., 2., 2., 2., 0., 2., 0., 2., 2.,
         0., 2., 2., 2., 2., 2., 2., 0., 2., 0., 2., 2., 0., 0.]])
        (0, 0, 1)
            labels
                Tensor: tensor([ 0,  1,  2,  3,  4,  5,  7,  8,  9, 10, 11, 12, 13, 14, 15, 17, 18, 20,
        21, 22, 23, 24, 25, 27, 28, 29, 30, 31, 32, 33, 34, 35, 36, 37, 38, 39,
        40, 42, 43, 44, 45, 48, 49])
            weights
                Tensor: tensor([7.3357e-04, 8.1893e-04, 1.3377e-01, 8.6364e-01, 6.6037e-04, 1.5339e-04,
        1.0757e-04, 7.3398e-05, 2.9426e-05, 1.3175e-05])
            true_labels
                Tensor: tensor([2., 2., 2., 0., 2., 1., 0., 2., 2., 2., 2., 2., 2., 2., 0., 0., 2., 0.,
        2., 0., 2., 0., 0., 2., 2., 2., 2., 0., 2., 0., 2., 2., 0., 2., 2., 2.,
        2., 2., 0., 2., 0., 0., 0.])
        (0, 0, 2)
            labels
                None
            weights
                Tensor: tensor([1.1755e-38, 1.1755e-38, 6.3339e-02, 9.3666e-01, 0.0000e+00, 5.5829e-08,
        3.3277e-15, 1.9835e-22, 5.9112e-30, 5.9112e-30])
            true_labels
                Tensor: tensor([[2., 2., 2., 0., 2., 1., 2., 0., 2., 2., 2., 2., 2., 2., 2., 0., 2., 0.,
         2., 2., 0., 2., 0., 2., 0., 0., 2., 2., 2., 2., 2., 0., 2., 0., 2., 2.,
         0., 2., 2., 2., 2., 2., 2., 0., 2., 0., 2., 2., 0., 0.]])
        (0, 0, 3)
            labels
                None
            weights
                Tensor: tensor([1.1755e-38, 1.1755e-38, 3.6483e-05, 9.9996e-01, 5.9602e-08, 0.0000e+00,
        0.0000e+00, 0.0000e+00, 1.7763e-15, 1.7763e-15])
            true_labels
                Tensor: tensor([[2., 2., 2., 0., 2., 1., 2., 0., 2., 2., 2., 2., 2., 2., 2., 0., 2., 0.,
         2., 2., 0., 2., 0., 2., 0., 0., 2., 2., 2., 2., 2., 0., 2., 0., 2., 2.,
         0., 2., 2., 2., 2., 2., 2., 0., 2., 0., 2., 2., 0., 0.]])
        (0, 0, 4)
            labels
                None
            weights
                Tensor: tensor([1.1755e-38, 1.1755e-38, 2.4938e-03, 9.9751e-01, 0.0000e+00, 5.9456e-08,
        3.5439e-15, 2.1123e-22, 6.2951e-30, 6.2951e-30])
            true_labels
                Tensor: tensor([[2., 2., 2., 0., 2., 1., 2., 0., 2., 2., 2., 2., 2., 2., 2., 0., 2., 0.,
         2., 2., 0., 2., 0., 2., 0., 0., 2., 2., 2., 2., 2., 0., 2., 0., 2., 2.,
         0., 2., 2., 2., 2., 2., 2., 0., 2., 0., 2., 2., 0., 0.]])
        (0, 0, 5)
            labels
                Tensor: tensor([ 6, 16, 46])
            weights
                Tensor: tensor([7.1325e-04, 8.2439e-04, 1.3406e-01, 8.6331e-01, 6.9365e-04, 1.6698e-04,
        1.1131e-04, 6.9927e-05, 3.0427e-05, 1.6629e-05])
            true_labels
                Tensor: tensor([2., 2., 2.])
(1,)
    (1, 0)
        (1, 0, 0)
            labels
                Tensor: tensor([19, 26, 41, 47])
            weights
                Tensor: tensor([7.1972e-04, 7.7979e-04, 1.3838e-01, 8.5899e-01, 6.9413e-04, 1.6981e-04,
        1.1964e-04, 9.5107e-05, 3.5854e-05, 1.4314e-05])
            true_labels
                Tensor: tensor([2., 2., 2., 2.])
    (1, 2)
        (1, 2, 0)
            labels
                None
            weights
                Tensor: tensor([1.1755e-38, 1.1755e-38, 1.1755e-38, 1.0000e+00, 0.0000e+00, 5.9605e-08,
        3.5527e-15, 2.1176e-22, 6.3109e-30, 6.3109e-30])
            true_labels
                Tensor: tensor([[2., 2., 2., 0., 2., 1., 2., 0., 2., 2., 2., 2., 2., 2., 2., 0., 2., 0.,
         2., 2., 0., 2., 0., 2., 0., 0., 2., 2., 2., 2., 2., 0., 2., 0., 2., 2.,
         0., 2., 2., 2., 2., 2., 2., 0., 2., 0., 2., 2., 0., 0.]])
(2,)
    (2, 0)
        (2, 0, 0)
            labels
                None
            weights
                Tensor: tensor([1.1755e-38, 1.1755e-38, 1.0000e+00, 5.9605e-08, 0.0000e+00, 0.0000e+00,
        0.0000e+00, 3.5527e-15, 1.0588e-22, 5.2940e-23])
            true_labels
                Tensor: tensor([[2., 2., 2., 0., 2., 1., 2., 0., 2., 2., 2., 2., 2., 2., 2., 0., 2., 0.,
         2., 2., 0., 2., 0., 2., 0., 0., 2., 2., 2., 2., 2., 0., 2., 0., 2., 2.,
         0., 2., 2., 2., 2., 2., 2., 0., 2., 0., 2., 2., 0., 0.]])
