Reconstructed HDP distribution tree:
(0,)
    (0, 0)
        (0, 0, 0)
            labels
                None
            weights
                Tensor: tensor([1.1755e-38, 1.1755e-38, 6.7365e-01, 3.2635e-01, 0.0000e+00, 0.0000e+00,
        9.7259e-09, 0.0000e+00, 0.0000e+00, 4.8629e-09])
            true_labels
                Tensor: tensor([[0., 2., 0., 2., 0., 2., 2., 2., 2., 2., 2., 0., 0., 2., 2., 2., 2., 2.,
         2., 0., 1., 0., 0., 2., 2., 2., 1., 0., 2., 1., 2., 2., 2., 2., 2., 2.,
         2., 0., 0., 0., 0., 0., 0., 0., 0., 0., 0., 2., 2., 0.]])
        (0, 0, 1)
            labels
                Tensor: tensor([ 0,  1,  2,  3,  6,  7,  8,  9, 10, 11, 12, 13, 14, 15, 16, 17, 18, 19,
        20, 21, 22, 23, 24, 25, 26, 27, 28, 29, 30, 31, 32, 33, 34, 35, 36, 37,
        38, 39, 40, 41, 42, 43, 45, 46, 48, 49])
            weights
                Tensor: tensor([7.4308e-04, 8.2858e-04, 1.3367e-01, 8.6373e-01, 6.5526e-04, 1.4877e-04,
        1.0472e-04, 7.1265e-05, 2.8983e-05, 1.1458e-05])
            true_labels
                Tensor: tensor([0., 2., 0., 2., 2., 2., 2., 2., 2., 0., 0., 2., 2., 2., 2., 2., 2., 0.,
        1., 0., 0., 2., 2., 2., 1., 0., 2., 1., 2., 2., 2., 2., 2., 2., 2., 0.,
        0., 0., 0., 0., 0., 0., 0., 0., 2., 0.])
        (0, 0, 2)
            labels
                None
            weights
                Tensor: tensor([1.1755e-38, 1.1755e-38, 6.8645e-03, 9.9314e-01, 2.9598e-08, 2.9598e-08,
        1.7642e-15, 5.2576e-23, 5.2576e-23, 0.0000e+00])
            true_labels
                Tensor: tensor([[0., 2., 0., 2., 0., 2., 2., 2., 2., 2., 2., 0., 0., 2., 2., 2., 2., 2.,
         2., 0., 1., 0., 0., 2., 2., 2., 1., 0., 2., 1., 2., 2., 2., 2., 2., 2.,
         2., 0., 0., 0., 0., 0., 0., 0., 0., 0., 0., 2., 2., 0.]])
        (0, 0, 3)
            labels
                None
            weights
                Tensor: tensor([1.1755e-38, 1.1755e-38, 7.5910e-01, 2.4090e-01, 1.4359e-08, 8.5584e-16,
        5.1012e-23, 3.0406e-30, 0.0000e+00, 0.0000e+00])
            true_labels
                Tensor: tensor([[0., 2., 0., 2., 0., 2., 2., 2., 2., 2., 2., 0., 0., 2., 2., 2., 2., 2.,
         2., 0., 1., 0., 0., 2., 2., 2., 1., 0., 2., 1., 2., 2., 2., 2., 2., 2.,
         2., 0., 0., 0., 0., 0., 0., 0., 0., 0., 0., 2., 2., 0.]])
        (0, 0, 4)
            labels
                None
            weights
                Tensor: tensor([1.1755e-38, 1.1755e-38, 1.8174e-05, 9.9998e-01, 2.9802e-08, 2.9802e-08,
        1.7763e-15, 5.2939e-23, 5.2939e-23, 0.0000e+00])
            true_labels
                Tensor: tensor([[0., 2., 0., 2., 0., 2., 2., 2., 2., 2., 2., 0., 0., 2., 2., 2., 2., 2.,
         2., 0., 1., 0., 0., 2., 2., 2., 1., 0., 2., 1., 2., 2., 2., 2., 2., 2.,
         2., 0., 0., 0., 0., 0., 0., 0., 0., 0., 0., 2., 2., 0.]])
        (0, 0, 5)
            labels
                Tensor: tensor([ 5, 44, 47])
            weights
                Tensor: tensor([7.3250e-04, 8.5215e-04, 1.3393e-01, 8.6344e-01, 6.7948e-04, 1.5553e-04,
        1.0371e-04, 6.4968e-05, 2.9962e-05, 1.1578e-05])
            true_labels
                Tensor: tensor([2., 0., 2.])
(1,)
    (1, 0)
        (1, 0, 0)
            labels
                Tensor: tensor([4])
            weights
                Tensor: tensor([7.5868e-04, 8.3466e-04, 1.3823e-01, 8.5914e-01, 6.6306e-04, 1.4371e-04,
        1.0353e-04, 8.0982e-05, 3.2585e-05, 6.4692e-06])
            true_labels
                Tensor: tensor([0.])
    (1, 2)
        (1, 2, 0)
            labels
                None
            weights
                Tensor: tensor([1.0861e-23, 1.1755e-38, 1.0000e+00, 5.9605e-08, 3.5527e-15, 1.0588e-22,
        1.0588e-22, 6.3109e-30, 1.8808e-37, 1.8808e-37])
            true_labels
                Tensor: tensor([[0., 2., 0., 2., 0., 2., 2., 2., 2., 2., 2., 0., 0., 2., 2., 2., 2., 2.,
         2., 0., 1., 0., 0., 2., 2., 2., 1., 0., 2., 1., 2., 2., 2., 2., 2., 2.,
         2., 0., 0., 0., 0., 0., 0., 0., 0., 0., 0., 2., 2., 0.]])
(2,)
    (2, 0)
        (2, 0, 0)
            labels
                None
            weights
                Tensor: tensor([1.1755e-38, 1.1755e-38, 1.0000e+00, 5.9605e-08, 2.1871e-28, 3.5527e-15,
        0.0000e+00, 1.0588e-22, 0.0000e+00, 0.0000e+00])
            true_labels
                Tensor: tensor([[0., 2., 0., 2., 0., 2., 2., 2., 2., 2., 2., 0., 0., 2., 2., 2., 2., 2.,
         2., 0., 1., 0., 0., 2., 2., 2., 1., 0., 2., 1., 2., 2., 2., 2., 2., 2.,
         2., 0., 0., 0., 0., 0., 0., 0., 0., 0., 0., 2., 2., 0.]])
