Reconstructed HDP distribution tree:
(0,)
    (0, 0)
        (0, 0, 0)
            labels
                None
            weights
                Tensor: tensor([1.1755e-38, 1.1755e-38, 1.3721e-03, 9.9863e-01, 5.9523e-08, 3.5478e-15,
        1.0573e-22, 1.0573e-22, 0.0000e+00, 0.0000e+00])
            true_labels
                Tensor: tensor([[0., 0., 0., 0., 0., 2., 0., 0., 2., 0., 0., 2., 2., 2., 2., 2., 2., 2.,
         2., 2., 0., 2., 2., 0., 2., 0., 0., 2., 0., 0., 0., 2., 0., 0., 0., 0.,
         0., 0., 2., 0., 2., 0., 2., 2., 0., 2., 2., 0., 2., 0.]])
        (0, 0, 1)
            labels
                Tensor: tensor([ 0,  1,  2,  3,  4,  5,  6,  7,  9, 10, 11, 12, 13, 14, 15, 16, 17, 18,
        19, 20, 22, 23, 24, 25, 26, 27, 29, 31, 32, 33, 34, 35, 36, 37, 38, 40,
        41, 42, 43, 44, 45, 46, 47, 48, 49])
            weights
                Tensor: tensor([7.2366e-04, 8.0327e-04, 1.3363e-01, 8.6381e-01, 6.5564e-04, 1.5280e-04,
        1.1062e-04, 7.3470e-05, 3.0154e-05, 9.7355e-06])
            true_labels
                Tensor: tensor([0., 0., 0., 0., 0., 2., 0., 0., 0., 0., 2., 2., 2., 2., 2., 2., 2., 2.,
        2., 0., 2., 0., 2., 0., 0., 2., 0., 2., 0., 0., 0., 0., 0., 0., 2., 2.,
        0., 2., 2., 0., 2., 2., 0., 2., 0.])
        (0, 0, 2)
            labels
                None
            weights
                Tensor: tensor([1.1755e-38, 1.1755e-38, 7.3761e-01, 2.6239e-01, 7.8197e-09, 3.9099e-09,
        1.9549e-09, 0.0000e+00, 0.0000e+00, 9.7747e-10])
            true_labels
                Tensor: tensor([[0., 0., 0., 0., 0., 2., 0., 0., 2., 0., 0., 2., 2., 2., 2., 2., 2., 2.,
         2., 2., 0., 2., 2., 0., 2., 0., 0., 2., 0., 0., 0., 2., 0., 0., 0., 0.,
         0., 0., 2., 0., 2., 0., 2., 2., 0., 2., 2., 0., 2., 0.]])
        (0, 0, 3)
            labels
                None
            weights
                Tensor: tensor([1.1755e-38, 1.1755e-38, 3.9240e-03, 9.7397e-01, 2.5982e-40, 1.1052e-02,
        5.5259e-03, 2.7629e-03, 3.2478e-41, 3.2478e-41])
            true_labels
                Tensor: tensor([[0., 0., 0., 0., 0., 2., 0., 0., 2., 0., 0., 2., 2., 2., 2., 2., 2., 2.,
         2., 2., 0., 2., 2., 0., 2., 0., 0., 2., 0., 0., 0., 2., 0., 0., 0., 0.,
         0., 0., 2., 0., 2., 0., 2., 2., 0., 2., 2., 0., 2., 0.]])
        (0, 0, 4)
            labels
                None
            weights
                Tensor: tensor([1.1755e-38, 1.1755e-38, 9.5548e-01, 4.4524e-02, 1.3269e-09, 6.6346e-10,
        3.3173e-10, 0.0000e+00, 0.0000e+00, 1.6586e-10])
            true_labels
                Tensor: tensor([[0., 0., 0., 0., 0., 2., 0., 0., 2., 0., 0., 2., 2., 2., 2., 2., 2., 2.,
         2., 2., 0., 2., 2., 0., 2., 0., 0., 2., 0., 0., 0., 2., 0., 0., 0., 0.,
         0., 0., 2., 0., 2., 0., 2., 2., 0., 2., 2., 0., 2., 0.]])
        (0, 0, 5)
            labels
                Tensor: tensor([ 8, 21, 28, 39])
            weights
                Tensor: tensor([6.8821e-04, 7.8667e-04, 1.3371e-01, 8.6374e-01, 6.8138e-04, 1.6580e-04,
        1.1928e-04, 6.9804e-05, 3.2239e-05, 7.8516e-06])
            true_labels
                Tensor: tensor([2., 2., 0., 0.])
(1,)
    (1, 0)
        (1, 0, 0)
            labels
                Tensor: tensor([30])
            weights
                Tensor: tensor([6.6819e-04, 7.0326e-04, 1.3762e-01, 8.5991e-01, 6.6848e-04, 1.6628e-04,
        1.3827e-04, 9.4042e-05, 3.4110e-05, 1.4213e-06])
            true_labels
                Tensor: tensor([0.])
    (1, 2)
        (1, 2, 0)
            labels
                None
            weights
                Tensor: tensor([1.1755e-38, 1.1755e-38, 5.7853e-01, 4.2147e-01, 1.2561e-08, 6.2804e-09,
        3.1402e-09, 0.0000e+00, 0.0000e+00, 1.5701e-09])
            true_labels
                Tensor: tensor([[0., 0., 0., 0., 0., 2., 0., 0., 2., 0., 0., 2., 2., 2., 2., 2., 2., 2.,
         2., 2., 0., 2., 2., 0., 2., 0., 0., 2., 0., 0., 0., 2., 0., 0., 0., 0.,
         0., 0., 2., 0., 2., 0., 2., 2., 0., 2., 2., 0., 2., 0.]])
(2,)
    (2, 0)
        (2, 0, 0)
            labels
                None
            weights
                Tensor: tensor([1.1755e-38, 1.1755e-38, 1.1755e-38, 6.3096e-01, 4.3381e-39, 4.3381e-39,
        3.6904e-01, 1.0998e-08, 0.0000e+00, 0.0000e+00])
            true_labels
                Tensor: tensor([[0., 0., 0., 0., 0., 2., 0., 0., 2., 0., 0., 2., 2., 2., 2., 2., 2., 2.,
         2., 2., 0., 2., 2., 0., 2., 0., 0., 2., 0., 0., 0., 2., 0., 0., 0., 0.,
         0., 0., 2., 0., 2., 0., 2., 2., 0., 2., 2., 0., 2., 0.]])
