Reconstructed HDP distribution tree:
(0,)
    (0, 0)
        (0, 0, 0)
            labels
                None
            weights
                Tensor: tensor([1.1755e-38, 1.1755e-38, 5.4892e-04, 9.9945e-01, 5.9572e-08, 3.5508e-15,
        2.1164e-22, 6.3074e-30, 0.0000e+00, 0.0000e+00])
            true_labels
                Tensor: tensor([[0., 2., 2., 2., 2., 2., 0., 0., 2., 2., 2., 0., 0., 2., 0., 0., 2., 2.,
         2., 0., 0., 0., 2., 0., 0., 2., 0., 2., 2., 0., 2., 2., 2., 0., 0., 2.,
         1., 0., 2., 0., 2., 2., 2., 2., 0., 2., 2., 2., 2., 1.]])
        (0, 0, 1)
            labels
                Tensor: tensor([ 0,  1,  2,  3,  4,  5,  6,  7,  8,  9, 10, 11, 12, 13, 14, 15, 16, 17,
        20, 21, 24, 25, 26, 27, 28, 29, 30, 31, 33, 34, 35, 36, 41, 42, 43, 44,
        46, 47, 48, 49])
            weights
                Tensor: tensor([7.3241e-04, 8.1442e-04, 1.3362e-01, 8.6382e-01, 6.5241e-04, 1.4973e-04,
        1.0341e-04, 6.9225e-05, 2.9095e-05, 1.1161e-05])
            true_labels
                Tensor: tensor([0., 2., 2., 2., 2., 2., 0., 0., 2., 2., 2., 0., 0., 2., 0., 0., 2., 2.,
        0., 0., 0., 2., 0., 2., 2., 0., 2., 2., 0., 0., 2., 1., 2., 2., 2., 0.,
        2., 2., 2., 1.])
        (0, 0, 2)
            labels
                None
            weights
                Tensor: tensor([1.1755e-38, 1.1755e-38, 5.1499e-05, 9.9995e-01, 5.9602e-08, 0.0000e+00,
        0.0000e+00, 0.0000e+00, 3.5525e-15, 2.1175e-22])
            true_labels
                Tensor: tensor([[0., 2., 2., 2., 2., 2., 0., 0., 2., 2., 2., 0., 0., 2., 0., 0., 2., 2.,
         2., 0., 0., 0., 2., 0., 0., 2., 0., 2., 2., 0., 2., 2., 2., 0., 0., 2.,
         1., 0., 2., 0., 2., 2., 2., 2., 0., 2., 2., 2., 2., 1.]])
        (0, 0, 3)
            labels
                None
            weights
                Tensor: tensor([1.1755e-38, 1.1755e-38, 2.1760e-03, 9.9782e-01, 0.0000e+00, 0.0000e+00,
        5.9475e-08, 3.5450e-15, 0.0000e+00, 2.1130e-22])
            true_labels
                Tensor: tensor([[0., 2., 2., 2., 2., 2., 0., 0., 2., 2., 2., 0., 0., 2., 0., 0., 2., 2.,
         2., 0., 0., 0., 2., 0., 0., 2., 0., 2., 2., 0., 2., 2., 2., 0., 0., 2.,
         1., 0., 2., 0., 2., 2., 2., 2., 0., 2., 2., 2., 2., 1.]])
        (0, 0, 4)
            labels
                None
            weights
                Tensor: tensor([1.1755e-38, 1.1755e-38, 2.3906e-09, 1.0000e+00, 5.9605e-08, 0.0000e+00,
        0.0000e+00, 0.0000e+00, 3.5527e-15, 2.1176e-22])
            true_labels
                Tensor: tensor([[0., 2., 2., 2., 2., 2., 0., 0., 2., 2., 2., 0., 0., 2., 0., 0., 2., 2.,
         2., 0., 0., 0., 2., 0., 0., 2., 0., 2., 2., 0., 2., 2., 2., 0., 0., 2.,
         1., 0., 2., 0., 2., 2., 2., 2., 0., 2., 2., 2., 2., 1.]])
        (0, 0, 5)
            labels
                Tensor: tensor([18, 19, 23, 32, 37, 38, 39, 40])
            weights
                Tensor: tensor([7.0516e-04, 8.1740e-04, 1.3387e-01, 8.6357e-01, 6.7294e-04, 1.5798e-04,
        1.0029e-04, 6.0566e-05, 3.0034e-05, 1.0994e-05])
            true_labels
                Tensor: tensor([2., 0., 0., 2., 0., 2., 0., 2.])
(1,)
    (1, 0)
        (1, 0, 0)
            labels
                Tensor: tensor([22, 45])
            weights
                Tensor: tensor([6.9837e-04, 7.6558e-04, 1.3813e-01, 8.5940e-01, 6.5000e-04, 1.4850e-04,
        9.7298e-05, 7.0253e-05, 3.4113e-05, 4.6532e-06])
            true_labels
                Tensor: tensor([2., 2.])
    (1, 2)
        (1, 2, 0)
            labels
                None
            weights
                Tensor: tensor([1.1755e-38, 1.1755e-38, 1.1755e-38, 1.0000e+00, 5.9605e-08, 0.0000e+00,
        0.0000e+00, 0.0000e+00, 3.5527e-15, 2.1176e-22])
            true_labels
                Tensor: tensor([[0., 2., 2., 2., 2., 2., 0., 0., 2., 2., 2., 0., 0., 2., 0., 0., 2., 2.,
         2., 0., 0., 0., 2., 0., 0., 2., 0., 2., 2., 0., 2., 2., 2., 0., 0., 2.,
         1., 0., 2., 0., 2., 2., 2., 2., 0., 2., 2., 2., 2., 1.]])
(2,)
    (2, 0)
        (2, 0, 0)
            labels
                None
            weights
                Tensor: tensor([1.1755e-38, 1.1755e-38, 1.1755e-38, 1.0000e+00, 0.0000e+00, 0.0000e+00,
        5.9605e-08, 3.5527e-15, 0.0000e+00, 2.1176e-22])
            true_labels
                Tensor: tensor([[0., 2., 2., 2., 2., 2., 0., 0., 2., 2., 2., 0., 0., 2., 0., 0., 2., 2.,
         2., 0., 0., 0., 2., 0., 0., 2., 0., 2., 2., 0., 2., 2., 2., 0., 0., 2.,
         1., 0., 2., 0., 2., 2., 2., 2., 0., 2., 2., 2., 2., 1.]])
