Reconstructed HDP distribution tree:
(0,)
    (0, 0)
        (0, 0, 0)
            labels
                None
            weights
                Tensor: tensor([1.1755e-38, 1.1755e-38, 4.8798e-08, 1.0000e+00, 2.9802e-08, 2.9802e-08,
        0.0000e+00, 0.0000e+00, 1.7764e-15, 1.0588e-22])
            true_labels
                Tensor: tensor([[2., 2., 2., 0., 2., 1., 2., 0., 2., 0., 2., 2., 2., 0., 2., 2., 2., 0.,
         0., 0., 0., 2., 2., 2., 2., 0., 2., 2., 0., 0., 0., 0., 0., 0., 2., 2.,
         0., 2., 0., 0., 0., 2., 0., 0., 2., 2., 0., 2., 0., 2.]])
        (0, 0, 1)
            labels
                Tensor: tensor([ 0,  1,  4,  6,  7,  8,  9, 11, 12, 13, 14, 16, 17, 18, 19, 20, 22, 23,
        24, 25, 27, 28, 29, 30, 31, 32, 33, 35, 36, 37, 38, 39, 40, 41, 43, 44,
        45, 46, 47, 48, 49])
            weights
                Tensor: tensor([7.3699e-04, 8.1607e-04, 1.3353e-01, 8.6389e-01, 6.6023e-04, 1.5299e-04,
        1.0650e-04, 7.2097e-05, 3.0371e-05, 1.0267e-05])
            true_labels
                Tensor: tensor([2., 2., 2., 2., 0., 2., 0., 2., 2., 0., 2., 2., 0., 0., 0., 0., 2., 2.,
        2., 0., 2., 0., 0., 0., 0., 0., 0., 2., 0., 2., 0., 0., 0., 2., 0., 2.,
        2., 0., 2., 0., 2.])
        (0, 0, 2)
            labels
                None
            weights
                Tensor: tensor([1.1755e-38, 1.1755e-38, 1.5252e-01, 8.4748e-01, 2.5257e-08, 1.2628e-08,
        1.2628e-08, 7.5272e-16, 0.0000e+00, 4.4865e-23])
            true_labels
                Tensor: tensor([[2., 2., 2., 0., 2., 1., 2., 0., 2., 0., 2., 2., 2., 0., 2., 2., 2., 0.,
         0., 0., 0., 2., 2., 2., 2., 0., 2., 2., 0., 0., 0., 0., 0., 0., 2., 2.,
         0., 2., 0., 0., 0., 2., 0., 0., 2., 2., 0., 2., 0., 2.]])
        (0, 0, 3)
            labels
                None
            weights
                Tensor: tensor([1.1755e-38, 1.1755e-38, 1.0619e-05, 9.9999e-01, 2.9802e-08, 0.0000e+00,
        1.4901e-08, 0.0000e+00, 0.0000e+00, 0.0000e+00])
            true_labels
                Tensor: tensor([[2., 2., 2., 0., 2., 1., 2., 0., 2., 0., 2., 2., 2., 0., 2., 2., 2., 0.,
         0., 0., 0., 2., 2., 2., 2., 0., 2., 2., 0., 0., 0., 0., 0., 0., 2., 2.,
         0., 2., 0., 0., 0., 2., 0., 0., 2., 2., 0., 2., 0., 2.]])
        (0, 0, 4)
            labels
                None
            weights
                Tensor: tensor([1.1755e-38, 1.1755e-38, 1.1662e-01, 8.8338e-01, 2.6327e-08, 1.3163e-08,
        1.3163e-08, 7.8460e-16, 0.0000e+00, 4.6766e-23])
            true_labels
                Tensor: tensor([[2., 2., 2., 0., 2., 1., 2., 0., 2., 0., 2., 2., 2., 0., 2., 2., 2., 0.,
         0., 0., 0., 2., 2., 2., 2., 0., 2., 2., 0., 0., 0., 0., 0., 0., 2., 2.,
         0., 2., 0., 0., 0., 2., 0., 0., 2., 2., 0., 2., 0., 2.]])
        (0, 0, 5)
            labels
                Tensor: tensor([ 2,  3,  5, 10, 15, 21, 26, 34])
            weights
                Tensor: tensor([7.1760e-04, 8.2014e-04, 1.3354e-01, 8.6385e-01, 6.9261e-04, 1.6633e-04,
        1.0824e-04, 6.6900e-05, 3.3318e-05, 9.1878e-06])
            true_labels
                Tensor: tensor([2., 0., 1., 2., 2., 2., 2., 2.])
(1,)
    (1, 0)
        (1, 0, 0)
            labels
                Tensor: tensor([42])
            weights
                Tensor: tensor([7.2790e-04, 7.7052e-04, 1.3741e-01, 8.6000e-01, 6.9158e-04, 1.6606e-04,
        1.1288e-04, 8.6527e-05, 3.8050e-05, 3.0001e-06])
            true_labels
                Tensor: tensor([0.])
    (1, 2)
        (1, 2, 0)
            labels
                None
            weights
                Tensor: tensor([1.1755e-38, 1.1755e-38, 1.1755e-38, 1.0000e+00, 2.9802e-08, 1.4901e-08,
        1.4901e-08, 8.8818e-16, 0.0000e+00, 5.2940e-23])
            true_labels
                Tensor: tensor([[2., 2., 2., 0., 2., 1., 2., 0., 2., 0., 2., 2., 2., 0., 2., 2., 2., 0.,
         0., 0., 0., 2., 2., 2., 2., 0., 2., 2., 0., 0., 0., 0., 0., 0., 2., 2.,
         0., 2., 0., 0., 0., 2., 0., 0., 2., 2., 0., 2., 0., 2.]])
(2,)
    (2, 0)
        (2, 0, 0)
            labels
                None
            weights
                Tensor: tensor([1.1755e-38, 1.1755e-38, 1.1755e-38, 1.0000e+00, 2.9802e-08, 0.0000e+00,
        1.4901e-08, 0.0000e+00, 0.0000e+00, 0.0000e+00])
            true_labels
                Tensor: tensor([[2., 2., 2., 0., 2., 1., 2., 0., 2., 0., 2., 2., 2., 0., 2., 2., 2., 0.,
         0., 0., 0., 2., 2., 2., 2., 0., 2., 2., 0., 0., 0., 0., 0., 0., 2., 2.,
         0., 2., 0., 0., 0., 2., 0., 0., 2., 2., 0., 2., 0., 2.]])
