Reconstructed HDP distribution tree:
(0,)
    (0, 0)
        (0, 0, 0)
            labels
                None
            weights
                Tensor: tensor([1.1755e-38, 1.1755e-38, 4.3310e-02, 9.5669e-01, 5.7023e-08, 3.3988e-15,
        1.0129e-22, 0.0000e+00, 0.0000e+00, 1.0129e-22])
            true_labels
                Tensor: tensor([[2., 2., 0., 2., 0., 2., 2., 2., 0., 2., 2., 0., 2., 2., 0., 2., 0., 2.,
         2., 2., 0., 0., 0., 0., 2., 2., 0., 0., 0., 2., 0., 2., 2., 1., 2., 2.,
         2., 2., 2., 0., 2., 0., 0., 0., 0., 2., 2., 2., 2., 0.]])
        (0, 0, 1)
            labels
                Tensor: tensor([ 1,  2,  3,  4,  5,  6,  7,  8,  9, 10, 11, 12, 13, 14, 15, 16, 17, 18,
        19, 20, 21, 22, 23, 25, 26, 27, 28, 29, 30, 32, 33, 35, 37, 38, 39, 40,
        41, 42, 43, 44, 45, 46, 49])
            weights
                Tensor: tensor([7.3264e-04, 8.1437e-04, 1.3379e-01, 8.6364e-01, 6.6273e-04, 1.4863e-04,
        1.0250e-04, 7.4302e-05, 2.8965e-05, 1.2449e-05])
            true_labels
                Tensor: tensor([2., 0., 2., 0., 2., 2., 2., 0., 2., 2., 0., 2., 2., 0., 2., 0., 2., 2.,
        2., 0., 0., 0., 0., 2., 0., 0., 0., 2., 0., 2., 1., 2., 2., 2., 0., 2.,
        0., 0., 0., 0., 2., 2., 0.])
        (0, 0, 2)
            labels
                None
            weights
                Tensor: tensor([1.1755e-38, 1.1755e-38, 9.2126e-01, 7.8737e-02, 0.0000e+00, 2.3466e-09,
        2.3466e-09, 1.3987e-16, 4.1683e-24, 0.0000e+00])
            true_labels
                Tensor: tensor([[2., 2., 0., 2., 0., 2., 2., 2., 0., 2., 2., 0., 2., 2., 0., 2., 0., 2.,
         2., 2., 0., 0., 0., 0., 2., 2., 0., 0., 0., 2., 0., 2., 2., 1., 2., 2.,
         2., 2., 2., 0., 2., 0., 0., 0., 0., 2., 2., 2., 2., 0.]])
        (0, 0, 3)
            labels
                None
            weights
                Tensor: tensor([1.1755e-38, 1.1755e-38, 8.1722e-02, 9.1814e-01, 1.3837e-04, 4.1236e-12,
        0.0000e+00, 0.0000e+00, 4.1236e-12, 1.2289e-19])
            true_labels
                Tensor: tensor([[2., 2., 0., 2., 0., 2., 2., 2., 0., 2., 2., 0., 2., 2., 0., 2., 0., 2.,
         2., 2., 0., 0., 0., 0., 2., 2., 0., 0., 0., 2., 0., 2., 2., 1., 2., 2.,
         2., 2., 2., 0., 2., 0., 0., 0., 0., 2., 2., 2., 2., 0.]])
        (0, 0, 4)
            labels
                None
            weights
                Tensor: tensor([1.1755e-38, 1.1755e-38, 9.9189e-01, 8.1133e-03, 0.0000e+00, 2.4180e-10,
        2.4180e-10, 1.4412e-17, 4.2952e-25, 0.0000e+00])
            true_labels
                Tensor: tensor([[2., 2., 0., 2., 0., 2., 2., 2., 0., 2., 2., 0., 2., 2., 0., 2., 0., 2.,
         2., 2., 0., 0., 0., 0., 2., 2., 0., 0., 0., 2., 0., 2., 2., 1., 2., 2.,
         2., 2., 2., 0., 2., 0., 0., 0., 0., 2., 2., 2., 2., 0.]])
        (0, 0, 5)
            labels
                Tensor: tensor([ 0, 24, 31, 34, 48])
            weights
                Tensor: tensor([7.0893e-04, 8.1417e-04, 1.3416e-01, 8.6325e-01, 6.9927e-04, 1.5412e-04,
        9.7931e-05, 7.2332e-05, 2.9738e-05, 1.4815e-05])
            true_labels
                Tensor: tensor([2., 2., 2., 2., 2.])
(1,)
    (1, 0)
        (1, 0, 0)
            labels
                Tensor: tensor([36, 47])
            weights
                Tensor: tensor([7.1035e-04, 7.5597e-04, 1.3870e-01, 8.5875e-01, 7.0967e-04, 1.4407e-04,
        9.0794e-05, 9.9149e-05, 3.3557e-05, 1.0859e-05])
            true_labels
                Tensor: tensor([2., 2.])
    (1, 2)
        (1, 2, 0)
            labels
                None
            weights
                Tensor: tensor([1.1755e-38, 1.1755e-38, 9.9848e-01, 1.5206e-03, 0.0000e+00, 4.5318e-11,
        4.5318e-11, 2.7012e-18, 8.0502e-26, 0.0000e+00])
            true_labels
                Tensor: tensor([[2., 2., 0., 2., 0., 2., 2., 2., 0., 2., 2., 0., 2., 2., 0., 2., 0., 2.,
         2., 2., 0., 0., 0., 0., 2., 2., 0., 0., 0., 2., 0., 2., 2., 1., 2., 2.,
         2., 2., 2., 0., 2., 0., 0., 0., 0., 2., 2., 2., 2., 0.]])
(2,)
    (2, 0)
        (2, 0, 0)
            labels
                None
            weights
                Tensor: tensor([1.1755e-38, 1.1755e-38, 9.9359e-04, 9.9901e-01, 5.9545e-08, 3.5492e-15,
        1.0577e-22, 0.0000e+00, 0.0000e+00, 1.0577e-22])
            true_labels
                Tensor: tensor([[2., 2., 0., 2., 0., 2., 2., 2., 0., 2., 2., 0., 2., 2., 0., 2., 0., 2.,
         2., 2., 0., 0., 0., 0., 2., 2., 0., 0., 0., 2., 0., 2., 2., 1., 2., 2.,
         2., 2., 2., 0., 2., 0., 0., 0., 0., 2., 2., 2., 2., 0.]])
