Reconstructed HDP distribution tree:
(0,)
    (0, 0)
        (0, 0, 0)
            labels
                None
            weights
                Tensor: tensor([1.1755e-38, 1.1755e-38, 7.8611e-11, 1.0000e+00, 2.9802e-08, 2.9802e-08,
        0.0000e+00, 1.7764e-15, 0.0000e+00, 5.2940e-23])
            true_labels
                Tensor: tensor([[2., 2., 2., 2., 0., 2., 2., 0., 0., 2., 0., 0., 2., 0., 2., 2., 2., 2.,
         2., 2., 2., 0., 0., 0., 0., 2., 2., 0., 0., 2., 0., 2., 0., 2., 0., 0.,
         2., 2., 0., 2., 2., 0., 2., 2., 0., 0., 0., 0., 0., 0.]])
        (0, 0, 1)
            labels
                Tensor: tensor([ 0,  1,  2,  3,  4,  5,  6,  7,  8,  9, 10, 11, 12, 13, 14, 15, 17, 18,
        19, 20, 21, 22, 23, 24, 25, 27, 28, 29, 30, 31, 32, 33, 34, 35, 37, 38,
        39, 40, 41, 42, 43, 44, 45, 46, 48, 49])
            weights
                Tensor: tensor([7.1759e-04, 8.0778e-04, 1.3354e-01, 8.6391e-01, 6.5383e-04, 1.5578e-04,
        1.0487e-04, 7.1601e-05, 2.9281e-05, 1.0565e-05])
            true_labels
                Tensor: tensor([2., 2., 2., 2., 0., 2., 2., 0., 0., 2., 0., 0., 2., 0., 2., 2., 2., 2.,
        2., 2., 0., 0., 0., 0., 2., 0., 0., 2., 0., 2., 0., 2., 0., 0., 2., 0.,
        2., 2., 0., 2., 2., 0., 0., 0., 0., 0.])
        (0, 0, 2)
            labels
                None
            weights
                Tensor: tensor([1.1755e-38, 1.1755e-38, 5.2801e-01, 4.7199e-01, 1.4066e-08, 7.0332e-09,
        3.8092e-35, 0.0000e+00, 7.0332e-09, 4.1921e-16])
            true_labels
                Tensor: tensor([[2., 2., 2., 2., 0., 2., 2., 0., 0., 2., 0., 0., 2., 0., 2., 2., 2., 2.,
         2., 2., 2., 0., 0., 0., 0., 2., 2., 0., 0., 2., 0., 2., 0., 2., 0., 0.,
         2., 2., 0., 2., 2., 0., 2., 2., 0., 0., 0., 0., 0., 0.]])
        (0, 0, 3)
            labels
                None
            weights
                Tensor: tensor([1.1755e-38, 1.1755e-38, 7.2046e-08, 1.0000e+00, 5.9605e-08, 3.5527e-15,
        2.1176e-22, 0.0000e+00, 0.0000e+00, 2.8026e-44])
            true_labels
                Tensor: tensor([[2., 2., 2., 2., 0., 2., 2., 0., 0., 2., 0., 0., 2., 0., 2., 2., 2., 2.,
         2., 2., 2., 0., 0., 0., 0., 2., 2., 0., 0., 2., 0., 2., 0., 2., 0., 0.,
         2., 2., 0., 2., 2., 0., 2., 2., 0., 0., 0., 0., 0., 0.]])
        (0, 0, 4)
            labels
                None
            weights
                Tensor: tensor([1.1755e-38, 1.1755e-38, 6.4647e-01, 3.5353e-01, 1.0536e-08, 5.2680e-09,
        2.8532e-35, 0.0000e+00, 5.2680e-09, 3.1400e-16])
            true_labels
                Tensor: tensor([[2., 2., 2., 2., 0., 2., 2., 0., 0., 2., 0., 0., 2., 0., 2., 2., 2., 2.,
         2., 2., 2., 0., 0., 0., 0., 2., 2., 0., 0., 2., 0., 2., 0., 2., 0., 0.,
         2., 2., 0., 2., 2., 0., 2., 2., 0., 0., 0., 0., 0., 0.]])
        (0, 0, 5)
            labels
                Tensor: tensor([26, 47])
            weights
                Tensor: tensor([6.7299e-04, 7.9773e-04, 1.3349e-01, 8.6398e-01, 6.7650e-04, 1.7299e-04,
        1.0425e-04, 6.5540e-05, 3.0394e-05, 9.7905e-06])
            true_labels
                Tensor: tensor([2., 0.])
(1,)
    (1, 0)
        (1, 0, 0)
            labels
                Tensor: tensor([16, 36])
            weights
                Tensor: tensor([6.3746e-04, 7.2508e-04, 1.3716e-01, 8.6041e-01, 6.6034e-04, 1.8270e-04,
        1.0495e-04, 8.2974e-05, 3.2791e-05, 3.2543e-06])
            true_labels
                Tensor: tensor([2., 2.])
    (1, 2)
        (1, 2, 0)
            labels
                None
            weights
                Tensor: tensor([1.1755e-38, 1.1755e-38, 2.2911e-05, 9.9998e-01, 2.9802e-08, 1.4901e-08,
        8.0704e-35, 0.0000e+00, 1.4901e-08, 8.8816e-16])
            true_labels
                Tensor: tensor([[2., 2., 2., 2., 0., 2., 2., 0., 0., 2., 0., 0., 2., 0., 2., 2., 2., 2.,
         2., 2., 2., 0., 0., 0., 0., 2., 2., 0., 0., 2., 0., 2., 0., 2., 0., 0.,
         2., 2., 0., 2., 2., 0., 2., 2., 0., 0., 0., 0., 0., 0.]])
(2,)
    (2, 0)
        (2, 0, 0)
            labels
                None
            weights
                Tensor: tensor([1.1755e-38, 1.1755e-38, 1.1755e-38, 1.0000e+00, 5.9605e-08, 3.5527e-15,
        2.1176e-22, 0.0000e+00, 0.0000e+00, 2.8026e-44])
            true_labels
                Tensor: tensor([[2., 2., 2., 2., 0., 2., 2., 0., 0., 2., 0., 0., 2., 0., 2., 2., 2., 2.,
         2., 2., 2., 0., 0., 0., 0., 2., 2., 0., 0., 2., 0., 2., 0., 2., 0., 0.,
         2., 2., 0., 2., 2., 0., 2., 2., 0., 0., 0., 0., 0., 0.]])
