Reconstructed HDP distribution tree:
(0,)
    (0, 0)
        (0, 0, 0)
            labels
                None
            weights
                Tensor: tensor([1.1755e-38, 1.1755e-38, 1.5120e-02, 9.8488e-01, 5.8703e-08, 0.0000e+00,
        0.0000e+00, 0.0000e+00, 3.4990e-15, 2.0856e-22])
            true_labels
                Tensor: tensor([[2., 2., 2., 2., 2., 2., 0., 2., 1., 2., 2., 0., 0., 2., 0., 2., 2., 2.,
         2., 0., 2., 0., 2., 0., 0., 1., 2., 0., 2., 2., 0., 0., 0., 2., 2., 1.,
         0., 0., 2., 2., 0., 2., 0., 2., 2., 0., 2., 2., 0., 2.]])
        (0, 0, 1)
            labels
                Tensor: tensor([ 0,  1,  3,  4,  5,  6,  7,  8, 10, 11, 12, 13, 15, 16, 17, 18, 20, 21,
        22, 23, 24, 25, 27, 28, 30, 31, 32, 33, 34, 35, 36, 37, 38, 40, 41, 43,
        44, 45, 47, 48, 49])
            weights
                Tensor: tensor([7.3855e-04, 8.1421e-04, 1.3361e-01, 8.6382e-01, 6.4734e-04, 1.5544e-04,
        1.0733e-04, 7.3405e-05, 2.8028e-05, 1.0940e-05])
            true_labels
                Tensor: tensor([2., 2., 2., 2., 2., 0., 2., 1., 2., 0., 0., 2., 2., 2., 2., 2., 2., 0.,
        2., 0., 0., 1., 0., 2., 0., 0., 0., 2., 2., 1., 0., 0., 2., 0., 2., 2.,
        2., 0., 2., 0., 2.])
        (0, 0, 2)
            labels
                None
            weights
                Tensor: tensor([1.1755e-38, 1.1755e-38, 6.2465e-06, 9.9999e-01, 2.9802e-08, 2.9802e-08,
        0.0000e+00, 0.0000e+00, 0.0000e+00, 0.0000e+00])
            true_labels
                Tensor: tensor([[2., 2., 2., 2., 2., 2., 0., 2., 1., 2., 2., 0., 0., 2., 0., 2., 2., 2.,
         2., 0., 2., 0., 2., 0., 0., 1., 2., 0., 2., 2., 0., 0., 0., 2., 2., 1.,
         0., 0., 2., 2., 0., 2., 0., 2., 2., 0., 2., 2., 0., 2.]])
        (0, 0, 3)
            labels
                None
            weights
                Tensor: tensor([1.1755e-38, 1.1755e-38, 1.3836e-02, 9.8616e-01, 0.0000e+00, 0.0000e+00,
        5.8780e-08, 3.5036e-15, 2.0883e-22, 1.2447e-29])
            true_labels
                Tensor: tensor([[2., 2., 2., 2., 2., 2., 0., 2., 1., 2., 2., 0., 0., 2., 0., 2., 2., 2.,
         2., 0., 2., 0., 2., 0., 0., 1., 2., 0., 2., 2., 0., 0., 0., 2., 2., 1.,
         0., 0., 2., 2., 0., 2., 0., 2., 2., 0., 2., 2., 0., 2.]])
        (0, 0, 4)
            labels
                None
            weights
                Tensor: tensor([1.1755e-38, 1.1755e-38, 1.2951e-11, 1.0000e+00, 2.9802e-08, 2.9802e-08,
        0.0000e+00, 0.0000e+00, 0.0000e+00, 0.0000e+00])
            true_labels
                Tensor: tensor([[2., 2., 2., 2., 2., 2., 0., 2., 1., 2., 2., 0., 0., 2., 0., 2., 2., 2.,
         2., 0., 2., 0., 2., 0., 0., 1., 2., 0., 2., 2., 0., 0., 0., 2., 2., 1.,
         0., 0., 2., 2., 0., 2., 0., 2., 2., 0., 2., 2., 0., 2.]])
        (0, 0, 5)
            labels
                Tensor: tensor([ 2,  9, 14, 26, 29, 39, 42, 46])
            weights
                Tensor: tensor([7.2173e-04, 8.1562e-04, 1.3372e-01, 8.6369e-01, 6.5880e-04, 1.7274e-04,
        1.1006e-04, 7.0117e-05, 2.7470e-05, 1.0269e-05])
            true_labels
                Tensor: tensor([2., 2., 0., 2., 2., 2., 0., 2.])
(1,)
    (1, 0)
        (1, 0, 0)
            labels
                Tensor: tensor([19])
            weights
                Tensor: tensor([7.3996e-04, 7.6077e-04, 1.3780e-01, 8.5966e-01, 6.2185e-04, 1.7956e-04,
        1.1770e-04, 9.3059e-05, 2.6621e-05, 4.4376e-06])
            true_labels
                Tensor: tensor([0.])
    (1, 2)
        (1, 2, 0)
            labels
                None
            weights
                Tensor: tensor([1.1755e-38, 1.1755e-38, 1.1755e-38, 1.0000e+00, 2.9802e-08, 2.9802e-08,
        0.0000e+00, 0.0000e+00, 0.0000e+00, 0.0000e+00])
            true_labels
                Tensor: tensor([[2., 2., 2., 2., 2., 2., 0., 2., 1., 2., 2., 0., 0., 2., 0., 2., 2., 2.,
         2., 0., 2., 0., 2., 0., 0., 1., 2., 0., 2., 2., 0., 0., 0., 2., 2., 1.,
         0., 0., 2., 2., 0., 2., 0., 2., 2., 0., 2., 2., 0., 2.]])
(2,)
    (2, 0)
        (2, 0, 0)
            labels
                None
            weights
                Tensor: tensor([1.1755e-38, 1.1755e-38, 1.1755e-38, 1.0000e+00, 0.0000e+00, 0.0000e+00,
        5.9605e-08, 3.5527e-15, 2.1176e-22, 1.2622e-29])
            true_labels
                Tensor: tensor([[2., 2., 2., 2., 2., 2., 0., 2., 1., 2., 2., 0., 0., 2., 0., 2., 2., 2.,
         2., 0., 2., 0., 2., 0., 0., 1., 2., 0., 2., 2., 0., 0., 0., 2., 2., 1.,
         0., 0., 2., 2., 0., 2., 0., 2., 2., 0., 2., 2., 0., 2.]])
