Reconstructed HDP distribution tree:
(0,)
    (0, 0)
        (0, 0, 0)
            labels
                None
            weights
                Tensor: tensor([1.1755e-38, 1.1755e-38, 3.8539e-01, 6.1461e-01, 1.8317e-08, 0.0000e+00,
        0.0000e+00, 9.1584e-09, 9.1584e-09, 2.7294e-16])
            true_labels
                Tensor: tensor([[0., 2., 0., 0., 2., 0., 2., 2., 2., 2., 0., 2., 2., 2., 2., 2., 0., 1.,
         0., 0., 0., 0., 0., 0., 2., 2., 0., 2., 2., 0., 0., 0., 0., 0., 2., 2.,
         0., 2., 2., 2., 2., 2., 0., 1., 0., 0., 2., 2., 2., 0.]])
        (0, 0, 1)
            labels
                Tensor: tensor([ 2,  3,  4,  8, 10, 11, 12, 13, 14, 16, 18, 19, 21, 22, 25, 27, 28, 29,
        30, 31, 32, 33, 34, 35, 37, 38, 39, 40, 41, 42, 43, 44, 45, 46, 47, 48,
        49])
            weights
                Tensor: tensor([7.2532e-04, 8.1193e-04, 1.3363e-01, 8.6380e-01, 6.5345e-04, 1.5404e-04,
        1.0312e-04, 7.3954e-05, 2.8597e-05, 1.2342e-05])
            true_labels
                Tensor: tensor([0., 0., 2., 2., 0., 2., 2., 2., 2., 0., 0., 0., 0., 0., 2., 2., 2., 0.,
        0., 0., 0., 0., 2., 2., 2., 2., 2., 2., 2., 0., 1., 0., 0., 2., 2., 2.,
        0.])
        (0, 0, 2)
            labels
                None
            weights
                Tensor: tensor([1.1755e-38, 1.1755e-38, 8.4495e-03, 9.9155e-01, 2.9551e-08, 2.9551e-08,
        1.7613e-15, 5.2492e-23, 0.0000e+00, 5.2492e-23])
            true_labels
                Tensor: tensor([[0., 2., 0., 0., 2., 0., 2., 2., 2., 2., 0., 2., 2., 2., 2., 2., 0., 1.,
         0., 0., 0., 0., 0., 0., 2., 2., 0., 2., 2., 0., 0., 0., 0., 0., 2., 2.,
         0., 2., 2., 2., 2., 2., 0., 1., 0., 0., 2., 2., 2., 0.]])
        (0, 0, 3)
            labels
                None
            weights
                Tensor: tensor([1.1755e-38, 1.1755e-38, 6.1901e-01, 3.8099e-01, 2.2709e-08, 6.7678e-16,
        0.0000e+00, 6.7678e-16, 2.0170e-23, 2.0170e-23])
            true_labels
                Tensor: tensor([[0., 2., 0., 0., 2., 0., 2., 2., 2., 2., 0., 2., 2., 2., 2., 2., 0., 1.,
         0., 0., 0., 0., 0., 0., 2., 2., 0., 2., 2., 0., 0., 0., 0., 0., 2., 2.,
         0., 2., 2., 2., 2., 2., 0., 1., 0., 0., 2., 2., 2., 0.]])
        (0, 0, 4)
            labels
                None
            weights
                Tensor: tensor([1.1755e-38, 1.1755e-38, 2.5675e-04, 9.9974e-01, 2.9795e-08, 2.9795e-08,
        1.7759e-15, 5.2926e-23, 0.0000e+00, 5.2926e-23])
            true_labels
                Tensor: tensor([[0., 2., 0., 0., 2., 0., 2., 2., 2., 2., 0., 2., 2., 2., 2., 2., 0., 1.,
         0., 0., 0., 0., 0., 0., 2., 2., 0., 2., 2., 0., 0., 0., 0., 0., 2., 2.,
         0., 2., 2., 2., 2., 2., 0., 1., 0., 0., 2., 2., 2., 0.]])
        (0, 0, 5)
            labels
                Tensor: tensor([ 0,  5,  6,  7,  9, 17, 20, 23, 24, 26, 36])
            weights
                Tensor: tensor([6.8907e-04, 8.0999e-04, 1.3381e-01, 8.6363e-01, 6.7482e-04, 1.6929e-04,
        9.9513e-05, 7.1658e-05, 2.8811e-05, 1.3709e-05])
            true_labels
                Tensor: tensor([0., 0., 2., 2., 2., 1., 0., 0., 2., 0., 0.])
(1,)
    (1, 0)
        (1, 0, 0)
            labels
                Tensor: tensor([ 1, 15])
            weights
                Tensor: tensor([6.6834e-04, 7.4883e-04, 1.3797e-01, 8.5956e-01, 6.5419e-04, 1.7217e-04,
        9.4581e-05, 9.6415e-05, 3.1475e-05, 9.6710e-06])
            true_labels
                Tensor: tensor([2., 2.])
    (1, 2)
        (1, 2, 0)
            labels
                None
            weights
                Tensor: tensor([1.1755e-38, 1.1755e-38, 5.6913e-02, 9.4309e-01, 2.8106e-08, 2.8106e-08,
        1.6753e-15, 4.9927e-23, 0.0000e+00, 4.9927e-23])
            true_labels
                Tensor: tensor([[0., 2., 0., 0., 2., 0., 2., 2., 2., 2., 0., 2., 2., 2., 2., 2., 0., 1.,
         0., 0., 0., 0., 0., 0., 2., 2., 0., 2., 2., 0., 0., 0., 0., 0., 2., 2.,
         0., 2., 2., 2., 2., 2., 0., 1., 0., 0., 2., 2., 2., 0.]])
(2,)
    (2, 0)
        (2, 0, 0)
            labels
                None
            weights
                Tensor: tensor([1.1755e-38, 1.1755e-38, 8.0579e-01, 1.9421e-01, 5.7879e-09, 0.0000e+00,
        0.0000e+00, 2.8940e-09, 2.8940e-09, 8.6247e-17])
            true_labels
                Tensor: tensor([[0., 2., 0., 0., 2., 0., 2., 2., 2., 2., 0., 2., 2., 2., 2., 2., 0., 1.,
         0., 0., 0., 0., 0., 0., 2., 2., 0., 2., 2., 0., 0., 0., 0., 0., 2., 2.,
         0., 2., 2., 2., 2., 2., 0., 1., 0., 0., 2., 2., 2., 0.]])
