Reconstructed HDP distribution tree:
(0,)
    (0, 0)
        (0, 0, 0)
            labels
                None
            weights
                Tensor: tensor([1.1755e-38, 2.2009e-06, 7.0748e-08, 1.0000e+00, 2.9802e-08, 2.9802e-08,
        1.7764e-15, 0.0000e+00, 5.2939e-23, 0.0000e+00])
            true_labels
                Tensor: tensor([[2., 0., 0., 0., 2., 2., 0., 2., 0., 2., 0., 0., 0., 0., 2., 2., 2., 0.,
         0., 0., 2., 0., 0., 2., 0., 0., 2., 0., 2., 0., 2., 0., 0., 0., 0., 0.,
         2., 1., 0., 0., 0., 2., 2., 2., 2., 2., 2., 2., 2., 2.]])
        (0, 0, 1)
            labels
                Tensor: tensor([ 0,  1,  4,  7,  9, 10, 12, 13, 14, 15, 16, 18, 20, 21, 22, 23, 24, 26,
        27, 28, 29, 30, 31, 33, 34, 40, 41, 42, 44, 45, 46, 47, 48, 49])
            weights
                Tensor: tensor([7.2553e-04, 8.1899e-04, 1.3367e-01, 8.6375e-01, 6.6301e-04, 1.5589e-04,
        1.0297e-04, 7.4864e-05, 2.9704e-05, 1.0914e-05])
            true_labels
                Tensor: tensor([2., 0., 2., 2., 2., 0., 0., 0., 2., 2., 2., 0., 2., 0., 0., 2., 0., 2.,
        0., 2., 0., 2., 0., 0., 0., 0., 2., 2., 2., 2., 2., 2., 2., 2.])
        (0, 0, 2)
            labels
                None
            weights
                Tensor: tensor([1.1755e-38, 4.7595e-10, 1.8421e-01, 8.1579e-01, 2.4313e-08, 0.0000e+00,
        2.4313e-08, 1.4491e-15, 4.3188e-23, 0.0000e+00])
            true_labels
                Tensor: tensor([[2., 0., 0., 0., 2., 2., 0., 2., 0., 2., 0., 0., 0., 0., 2., 2., 2., 0.,
         0., 0., 2., 0., 0., 2., 0., 0., 2., 0., 2., 0., 2., 0., 0., 0., 0., 0.,
         2., 1., 0., 0., 0., 2., 2., 2., 2., 2., 2., 2., 2., 2.]])
        (0, 0, 3)
            labels
                None
            weights
                Tensor: tensor([1.1755e-38, 2.1919e-05, 5.8199e-06, 9.9997e-01, 2.9801e-08, 0.0000e+00,
        0.0000e+00, 2.9801e-08, 1.7763e-15, 5.2938e-23])
            true_labels
                Tensor: tensor([[2., 0., 0., 0., 2., 2., 0., 2., 0., 2., 0., 0., 0., 0., 2., 2., 2., 0.,
         0., 0., 2., 0., 0., 2., 0., 0., 2., 0., 2., 0., 2., 0., 0., 0., 0., 0.,
         2., 1., 0., 0., 0., 2., 2., 2., 2., 2., 2., 2., 2., 2.]])
        (0, 0, 4)
            labels
                None
            weights
                Tensor: tensor([1.1755e-38, 4.8043e-07, 1.0057e-01, 8.9942e-01, 2.6805e-08, 0.0000e+00,
        2.6805e-08, 1.5977e-15, 4.7615e-23, 0.0000e+00])
            true_labels
                Tensor: tensor([[2., 0., 0., 0., 2., 2., 0., 2., 0., 2., 0., 0., 0., 0., 2., 2., 2., 0.,
         0., 0., 2., 0., 0., 2., 0., 0., 2., 0., 2., 0., 2., 0., 0., 0., 0., 0.,
         2., 1., 0., 0., 0., 2., 2., 2., 2., 2., 2., 2., 2., 2.]])
        (0, 0, 5)
            labels
                Tensor: tensor([ 2,  3,  5,  6,  8, 11, 25, 32, 36, 37, 38, 43])
            weights
                Tensor: tensor([6.9242e-04, 8.2557e-04, 1.3381e-01, 8.6358e-01, 6.9981e-04, 1.7380e-04,
        9.9338e-05, 7.3293e-05, 3.1491e-05, 1.0393e-05])
            true_labels
                Tensor: tensor([0., 0., 2., 0., 0., 0., 0., 0., 2., 1., 0., 2.])
(1,)
    (1, 0)
        (1, 0, 0)
            labels
                Tensor: tensor([17, 19, 35, 39])
            weights
                Tensor: tensor([6.7722e-04, 7.8037e-04, 1.3786e-01, 8.5955e-01, 7.0985e-04, 1.8425e-04,
        9.4789e-05, 1.0183e-04, 3.3955e-05, 4.0397e-06])
            true_labels
                Tensor: tensor([0., 0., 0., 0.])
    (1, 2)
        (1, 2, 0)
            labels
                None
            weights
                Tensor: tensor([1.1755e-38, 6.8219e-01, 1.5205e-06, 3.1781e-01, 9.4715e-09, 0.0000e+00,
        9.4715e-09, 5.6454e-16, 1.6825e-23, 0.0000e+00])
            true_labels
                Tensor: tensor([[2., 0., 0., 0., 2., 2., 0., 2., 0., 2., 0., 0., 0., 0., 2., 2., 2., 0.,
         0., 0., 2., 0., 0., 2., 0., 0., 2., 0., 2., 0., 2., 0., 0., 0., 0., 0.,
         2., 1., 0., 0., 0., 2., 2., 2., 2., 2., 2., 2., 2., 2.]])
(2,)
    (2, 0)
        (2, 0, 0)
            labels
                None
            weights
                Tensor: tensor([1.1755e-38, 2.2445e-06, 1.1755e-38, 1.0000e+00, 2.9802e-08, 0.0000e+00,
        0.0000e+00, 2.9802e-08, 1.7764e-15, 5.2939e-23])
            true_labels
                Tensor: tensor([[2., 0., 0., 0., 2., 2., 0., 2., 0., 2., 0., 0., 0., 0., 2., 2., 2., 0.,
         0., 0., 2., 0., 0., 2., 0., 0., 2., 0., 2., 0., 2., 0., 0., 0., 0., 0.,
         2., 1., 0., 0., 0., 2., 2., 2., 2., 2., 2., 2., 2., 2.]])
