Reconstructed HDP distribution tree:
(0,)
    (0, 0)
        (0, 0, 0)
            labels
                None
            weights
                Tensor: tensor([3.7873e-36, 1.1755e-38, 5.9385e-03, 9.9406e-01, 5.9251e-08, 1.7658e-15,
        8.8290e-16, 8.8290e-16, 5.2625e-23, 0.0000e+00])
            true_labels
                Tensor: tensor([[1., 2., 2., 2., 0., 0., 0., 2., 2., 0., 0., 0., 1., 0., 0., 1., 0., 0.,
         0., 2., 0., 2., 2., 0., 0., 1., 0., 2., 0., 0., 0., 0., 0., 2., 2., 0.,
         2., 0., 1., 0., 0., 0., 0., 0., 1., 2., 2., 2., 2., 0.]])
        (0, 0, 1)
            labels
                Tensor: tensor([ 0,  1,  2,  3,  4,  5,  6,  7,  8,  9, 10, 11, 12, 13, 15, 16, 17, 18,
        19, 20, 21, 23, 24, 25, 27, 28, 29, 30, 31, 32, 33, 34, 35, 36, 37, 38,
        40, 41, 42, 43, 44, 45, 46, 47, 48])
            weights
                Tensor: tensor([7.1236e-04, 8.1694e-04, 1.3358e-01, 8.6388e-01, 6.4777e-04, 1.5376e-04,
        1.0523e-04, 7.0472e-05, 2.8600e-05, 1.2878e-05])
            true_labels
                Tensor: tensor([1., 2., 2., 2., 0., 0., 0., 2., 2., 0., 0., 0., 1., 0., 1., 0., 0., 0.,
        2., 0., 2., 0., 0., 1., 2., 0., 0., 0., 0., 0., 2., 2., 0., 2., 0., 1.,
        0., 0., 0., 0., 1., 2., 2., 2., 2.])
        (0, 0, 2)
            labels
                None
            weights
                Tensor: tensor([4.4206e-35, 2.0114e-31, 4.8060e-06, 1.0000e+00, 5.9604e-08, 3.5527e-15,
        7.0627e-34, 0.0000e+00, 0.0000e+00, 2.1176e-22])
            true_labels
                Tensor: tensor([[1., 2., 2., 2., 0., 0., 0., 2., 2., 0., 0., 0., 1., 0., 0., 1., 0., 0.,
         0., 2., 0., 2., 2., 0., 0., 1., 0., 2., 0., 0., 0., 0., 0., 2., 2., 0.,
         2., 0., 1., 0., 0., 0., 0., 0., 1., 2., 2., 2., 2., 0.]])
        (0, 0, 3)
            labels
                None
            weights
                Tensor: tensor([1.3345e-33, 1.1755e-38, 3.4369e-02, 9.6563e-01, 0.0000e+00, 0.0000e+00,
        0.0000e+00, 0.0000e+00, 0.0000e+00, 0.0000e+00])
            true_labels
                Tensor: tensor([[1., 2., 2., 2., 0., 0., 0., 2., 2., 0., 0., 0., 1., 0., 0., 1., 0., 0.,
         0., 2., 0., 2., 2., 0., 0., 1., 0., 2., 0., 0., 0., 0., 0., 2., 2., 0.,
         2., 0., 1., 0., 0., 0., 0., 0., 1., 2., 2., 2., 2., 0.]])
        (0, 0, 4)
            labels
                None
            weights
                Tensor: tensor([3.9682e-33, 1.9204e-30, 1.7297e-12, 1.0000e+00, 5.9605e-08, 3.5527e-15,
        7.0627e-34, 0.0000e+00, 0.0000e+00, 2.1176e-22])
            true_labels
                Tensor: tensor([[1., 2., 2., 2., 0., 0., 0., 2., 2., 0., 0., 0., 1., 0., 0., 1., 0., 0.,
         0., 2., 0., 2., 2., 0., 0., 1., 0., 2., 0., 0., 0., 0., 0., 2., 2., 0.,
         2., 0., 1., 0., 0., 0., 0., 0., 1., 2., 2., 2., 2., 0.]])
        (0, 0, 5)
            labels
                Tensor: tensor([14, 22, 26, 39])
            weights
                Tensor: tensor([6.5769e-04, 8.2255e-04, 1.3366e-01, 8.6382e-01, 6.6067e-04, 1.6858e-04,
        1.0483e-04, 6.2894e-05, 2.8786e-05, 1.5388e-05])
            true_labels
                Tensor: tensor([0., 2., 0., 0.])
(1,)
    (1, 0)
        (1, 0, 0)
            labels
                Tensor: tensor([49])
            weights
                Tensor: tensor([6.0298e-04, 7.7488e-04, 1.3766e-01, 8.5994e-01, 6.2446e-04, 1.7054e-04,
        1.0641e-04, 7.7108e-05, 3.1051e-05, 1.3807e-05])
            true_labels
                Tensor: tensor([0.])
    (1, 2)
        (1, 2, 0)
            labels
                None
            weights
                Tensor: tensor([6.9223e-29, 1.7558e-28, 1.1755e-38, 1.0000e+00, 5.9605e-08, 3.5527e-15,
        7.0627e-34, 0.0000e+00, 0.0000e+00, 2.1176e-22])
            true_labels
                Tensor: tensor([[1., 2., 2., 2., 0., 0., 0., 2., 2., 0., 0., 0., 1., 0., 0., 1., 0., 0.,
         0., 2., 0., 2., 2., 0., 0., 1., 0., 2., 0., 0., 0., 0., 0., 2., 2., 0.,
         2., 0., 1., 0., 0., 0., 0., 0., 1., 2., 2., 2., 2., 0.]])
(2,)
    (2, 0)
        (2, 0, 0)
            labels
                None
            weights
                Tensor: tensor([4.0822e-36, 1.1755e-38, 1.1755e-38, 1.0000e+00, 0.0000e+00, 0.0000e+00,
        0.0000e+00, 0.0000e+00, 0.0000e+00, 0.0000e+00])
            true_labels
                Tensor: tensor([[1., 2., 2., 2., 0., 0., 0., 2., 2., 0., 0., 0., 1., 0., 0., 1., 0., 0.,
         0., 2., 0., 2., 2., 0., 0., 1., 0., 2., 0., 0., 0., 0., 0., 2., 2., 0.,
         2., 0., 1., 0., 0., 0., 0., 0., 1., 2., 2., 2., 2., 0.]])
