Update Round 99
(0,)
    (0, 0)
        (0, 0, 0)
            labels
                Tensor: tensor([  1,   3,   4,   5,   6,   7,   8,   9,  10,  11,  12,  13,  14,  15,
         16,  17,  18,  19,  20,  23,  24,  25,  28,  29,  31,  32,  33,  34,
         36,  37,  38,  40,  42,  43,  45,  46,  47,  48,  49,  50,  51,  52,
         53,  54,  55,  56,  57,  58,  59,  61,  62,  63,  64,  65,  67,  68,
         69,  70,  71,  72,  74,  75,  76,  77,  78,  79,  81,  84,  85,  86,
         87,  88,  90,  91,  92,  94,  95,  96,  97,  98, 100, 101, 103, 104,
        105, 108, 109, 110, 111, 113, 114, 115, 116, 117, 118, 119, 121, 122,
        123, 124, 125, 126, 127, 128, 129, 130, 131, 134, 135, 136, 138, 139,
        140, 142, 143, 145, 147, 148, 149, 151, 152, 153, 154, 155, 156, 157,
        158, 159, 160, 161, 162, 163, 164, 165, 166, 167, 172, 173, 176, 177,
        178, 179, 180, 181, 182, 184, 186, 187, 188, 189, 190, 191, 194, 196,
        197, 198, 199, 200, 202, 203, 205, 206, 208, 209, 210, 211, 212, 213,
        214, 215, 216, 218, 219, 221, 222, 223, 224, 226, 228, 229, 230, 231,
        232, 233, 234, 235, 237, 238, 239, 243, 244, 245, 246, 247, 248, 250,
        251, 252, 255, 256, 257, 258, 259, 260, 261, 263, 264, 265, 266, 267,
        268, 269, 270, 272, 273, 274, 275, 276, 277, 278, 279, 280, 281, 282,
        283, 284, 285, 287, 288, 289, 291, 294, 295, 296, 297, 299, 300, 301,
        303, 304, 305, 306, 307, 308, 309, 310, 311, 313, 314, 315, 317, 318,
        319, 320, 321, 322, 323, 324, 325, 326, 327, 328, 329, 330, 332, 333,
        334, 335, 336, 337, 338, 339, 342, 343, 344, 345, 346, 347, 349, 350,
        351, 352, 353, 354, 355, 356, 357, 358, 359, 360, 361, 363, 364, 365,
        366, 367, 368, 369, 370, 372, 373, 374, 377, 378, 379, 380, 381, 383,
        384, 386, 387, 388, 389, 390, 391, 393, 394, 395, 396, 397, 398, 400,
        401, 402, 403, 404, 405, 406, 407, 409, 410, 412, 413, 414, 416, 418,
        420, 421, 422, 423, 424, 425, 426, 428, 430, 431, 432, 433, 434, 435,
        436, 437, 438, 440, 441, 442, 443, 444, 445, 450, 452, 453, 454, 455,
        456, 460, 461, 462, 464, 465, 467, 468, 470, 471, 472, 474, 475, 476,
        478, 480, 481, 482, 483, 484, 485, 486, 487, 488, 489, 490, 491, 492,
        494, 495, 496, 497, 498, 499, 501, 502, 503, 504, 506, 507, 508, 510,
        511, 512, 513, 515, 516, 517, 518, 519, 521, 522, 523, 525, 526, 527,
        529, 530, 531, 532, 533, 534, 536, 537, 539, 540, 541, 543, 544, 547,
        550, 552, 553, 554, 555, 556, 557, 558, 559, 560, 561, 562, 564, 565,
        566, 568, 571, 573, 574, 575, 577, 578, 579, 581, 582, 583, 584, 585,
        587, 588, 589, 591, 592, 596, 597, 599, 600, 601, 603, 605, 607, 608,
        609, 610, 611, 612, 615, 616, 617, 620, 622, 623, 624, 625, 626, 627,
        628, 629, 630, 632, 633, 637, 638, 639, 640, 641, 642, 643, 644, 645,
        646, 649, 650, 651, 652, 653, 656, 657, 659, 660, 662, 663, 664, 666,
        667, 669, 670, 671, 673, 674, 675, 676, 677, 679, 680, 681, 682, 685,
        686, 687, 688, 691, 692, 693, 695, 696, 702, 703, 705, 707, 708, 709,
        712, 713, 714, 715, 716, 717, 719, 720, 722, 723, 724, 725, 726, 730,
        732, 735, 737, 738, 739, 740, 742, 743, 744, 745, 746, 748, 749, 750,
        751, 752, 753, 754, 756, 757, 758, 759, 760, 761, 762, 763, 765, 766,
        767, 771, 772, 773, 774, 776, 777, 778, 779, 781, 782, 783, 785, 786,
        787, 789, 790, 793, 794, 795, 796, 797, 798, 800, 801, 802, 803, 804,
        805, 807, 809, 811, 813, 814, 815, 816, 817, 818, 821, 822, 823, 824,
        825, 826, 827, 828, 829, 831, 832, 835, 836, 837, 838, 839, 840, 841,
        844, 845, 846, 847, 849, 850, 851, 852, 854, 855, 857, 859, 860, 863,
        864, 866, 867, 868, 869, 871, 872, 874, 875, 876, 877, 878, 879, 880,
        883, 884, 887, 888, 889, 890, 892, 893, 894, 895, 897, 899, 901, 902,
        903, 904, 905, 906, 907, 908, 909, 910, 911, 912, 913, 914, 916, 917,
        918, 919, 920, 921, 922, 923, 924, 925, 926, 927, 928, 929, 931, 932,
        934, 935, 937, 938, 939, 940, 941, 942, 943, 944, 945, 946, 949, 950,
        951, 952, 953, 954, 955, 956, 958, 959, 960, 961, 962, 963, 964, 965,
        966, 967, 969, 970, 972, 973, 974, 976, 977, 978, 979, 980, 981, 983,
        984, 985, 986, 987, 988, 989, 990, 991, 992, 993, 994, 996, 997, 998,
        999])
            weights
                Tensor: tensor([1.1755e-38, 7.5622e-01, 2.8656e-39, 2.4378e-01, 7.2652e-09, 7.2652e-09,
        0.0000e+00, 0.0000e+00, 4.3304e-16, 0.0000e+00])
            true_labels
                Tensor: tensor([7, 2, 7, 7, 8, 0, 7, 3, 4, 5, 8, 7, 9, 8, 8, 9, 4, 4, 7, 6, 9, 2, 1, 2,
        3, 2, 1, 8, 5, 5, 6, 4, 7, 7, 4, 1, 9, 6, 5, 1, 0, 5, 2, 6, 2, 0, 8, 5,
        4, 3, 7, 1, 4, 7, 3, 0, 9, 6, 6, 4, 7, 9, 6, 1, 3, 0, 5, 2, 3, 8, 1, 4,
        4, 9, 4, 4, 7, 9, 3, 5, 5, 7, 5, 3, 4, 7, 6, 4, 5, 9, 2, 2, 6, 3, 4, 3,
        9, 7, 4, 0, 6, 7, 2, 0, 2, 7, 7, 5, 5, 8, 0, 6, 7, 1, 0, 6, 2, 6, 1, 3,
        0, 6, 1, 2, 3, 3, 0, 4, 3, 2, 1, 9, 6, 9, 7, 7, 8, 0, 3, 3, 9, 4, 8, 9,
        4, 5, 7, 5, 4, 4, 2, 2, 1, 3, 4, 2, 3, 9, 8, 3, 4, 4, 2, 6, 5, 7, 9, 9,
        4, 9, 8, 9, 3, 3, 9, 9, 5, 5, 5, 1, 7, 5, 3, 2, 7, 0, 3, 3, 5, 8, 6, 7,
        4, 7, 7, 8, 3, 3, 0, 1, 9, 2, 7, 3, 9, 9, 4, 6, 8, 7, 9, 1, 5, 4, 3, 2,
        0, 4, 0, 1, 6, 3, 3, 3, 1, 6, 3, 6, 6, 8, 2, 4, 1, 5, 6, 2, 2, 6, 2, 7,
        7, 6, 1, 4, 1, 3, 7, 5, 6, 5, 6, 4, 6, 2, 1, 4, 1, 3, 6, 8, 1, 8, 6, 8,
        0, 2, 8, 3, 6, 7, 4, 2, 1, 4, 4, 9, 6, 0, 7, 0, 2, 1, 3, 6, 8, 5, 8, 1,
        9, 7, 2, 1, 5, 0, 4, 4, 4, 6, 4, 3, 3, 6, 6, 1, 0, 1, 6, 2, 9, 5, 6, 7,
        0, 1, 2, 2, 1, 6, 8, 0, 4, 8, 8, 0, 5, 1, 0, 6, 6, 4, 1, 4, 3, 7, 7, 4,
        2, 2, 1, 2, 4, 8, 7, 1, 0, 8, 7, 7, 4, 1, 3, 6, 0, 4, 5, 4, 0, 6, 3, 7,
        4, 8, 3, 3, 4, 8, 4, 9, 6, 0, 6, 9, 4, 7, 2, 1, 6, 7, 3, 3, 0, 9, 4, 7,
        2, 5, 2, 0, 7, 5, 0, 9, 1, 0, 4, 4, 4, 6, 4, 0, 2, 1, 9, 2, 5, 0, 4, 1,
        4, 3, 5, 2, 1, 4, 6, 2, 5, 8, 7, 2, 2, 3, 4, 5, 7, 3, 1, 8, 3, 2, 4, 3,
        7, 2, 1, 7, 8, 9, 6, 8, 3, 9, 9, 1, 1, 8, 4, 0, 1, 9, 0, 5, 0, 4, 5, 3,
        6, 6, 8, 2, 3, 7, 5, 8, 1, 6, 2, 6, 5, 6, 2, 3, 1, 1, 6, 5, 3, 2, 2, 5,
        6, 6, 6, 4, 8, 9, 6, 5, 2, 7, 4, 4, 4, 2, 2, 8, 6, 2, 2, 2, 9, 3, 6, 9,
        9, 2, 2, 4, 4, 7, 4, 8, 1, 2, 4, 8, 1, 7, 1, 9, 8, 2, 7, 9, 5, 0, 6, 4,
        4, 7, 9, 3, 6, 7, 2, 7, 1, 9, 9, 3, 8, 3, 6, 3, 7, 5, 9, 4, 2, 3, 7, 4,
        6, 9, 3, 1, 3, 4, 2, 1, 5, 7, 0, 9, 3, 4, 0, 9, 0, 0, 5, 7, 3, 5, 7, 1,
        6, 3, 3, 0, 3, 5, 2, 4, 7, 1, 1, 3, 4, 2, 3, 7, 0, 1, 4, 5, 7, 9, 5, 9,
        8, 5, 7, 4, 3, 5, 7, 2, 6, 5, 9, 1, 7, 2, 5, 1, 0, 3, 7, 9, 0, 6, 4, 2,
        2, 7, 3, 8, 2, 4, 8, 7, 4, 8, 4, 6, 3, 4, 6, 0, 7, 9, 2, 7, 7, 5, 4, 2,
        6, 3, 1, 3, 4, 0, 0, 4, 5, 4, 9, 9, 3, 6, 3, 5, 1, 3, 4, 0, 6, 0, 1, 1,
        4, 3, 4, 9, 2, 4, 8, 1, 6, 8, 5, 2, 1, 7, 5, 0, 0, 3, 3, 2, 4, 3, 2, 9,
        0, 4, 7, 3, 4, 4, 2, 0, 7, 5, 8, 8, 4, 4, 7, 1, 0, 4, 8, 3, 0, 9, 0, 3,
        1, 2, 7, 7, 9, 9, 5, 4, 8, 8, 2, 1, 4, 5, 6, 8, 2, 5, 0, 7, 7, 7, 4, 2,
        6, 6, 1, 4, 6, 1, 5, 7, 5, 2, 5, 3, 2, 1, 5, 6, 5, 1, 9, 9, 2, 8, 4, 2,
        0, 6, 8])
        (0, 0, 1)
            labels
                Tensor: tensor([ 21,  35,  73,  93, 106, 141, 150, 175, 183, 185, 192, 193, 220, 286,
        293, 312, 341, 385, 415, 417, 429, 439, 509, 520, 538, 546, 548, 572,
        586, 594, 595, 619, 635, 636, 654, 658, 661, 710, 729, 734, 819, 830,
        843, 848, 858, 886, 936, 947, 975])
            weights
                Tensor: tensor([1.1755e-38, 8.5367e-01, 1.7202e-39, 1.4633e-01, 4.3611e-09, 4.3611e-09,
        0.0000e+00, 0.0000e+00, 2.5994e-16, 0.0000e+00])
            true_labels
                Tensor: tensor([6, 6, 8, 0, 4, 1, 9, 8, 1, 7, 0, 8, 8, 0, 7, 6, 8, 7, 2, 7, 3, 7, 1, 3,
        4, 5, 1, 3, 8, 2, 8, 6, 8, 9, 7, 1, 1, 9, 1, 5, 6, 2, 2, 4, 2, 9, 8, 9,
        9])
        (0, 0, 2)
            labels
                Tensor: tensor([ 27,  66,  82, 137, 168, 201, 204, 227, 290, 298, 331, 362, 371, 382,
        408, 427, 459, 505, 524, 593, 598, 647, 684, 700, 704, 706, 721, 747,
        764, 833, 834, 948])
            weights
                Tensor: tensor([1.1755e-38, 6.5032e-01, 4.1105e-39, 3.4968e-01, 1.0421e-08, 1.0421e-08,
        0.0000e+00, 0.0000e+00, 6.2116e-16, 0.0000e+00])
            true_labels
                Tensor: tensor([4, 9, 4, 4, 5, 8, 7, 0, 4, 2, 9, 3, 2, 2, 9, 0, 3, 4, 6, 2, 3, 6, 6, 4,
        9, 4, 2, 1, 0, 0, 7, 6])
        (0, 0, 3)
            labels
                None
            weights
                Tensor: tensor([1.1755e-38, 1.0000e+00, 0.0000e+00, 5.9605e-08, 2.4177e-18, 0.0000e+00,
        0.0000e+00, 1.7751e-15, 1.7751e-15, 5.2904e-23])
            true_labels
                Tensor: tensor([[0, 7, 3, 2, 7, 7, 8, 0, 7, 3, 4, 5, 8, 7, 9, 8, 8, 9, 4, 4, 7, 6, 1, 6,
         9, 2, 0, 4, 1, 2, 2, 3, 2, 1, 8, 6, 5, 5, 6, 5, 4, 3, 7, 7, 5, 4, 1, 9,
         6, 5, 1, 0, 5, 2, 6, 2, 0, 8, 5, 4, 3, 3, 7, 1, 4, 7, 9, 3, 0, 9, 6, 6,
         4, 8, 7, 9, 6, 1, 3, 0, 8, 5, 4, 1, 2, 3, 8, 1, 4, 0, 4, 9, 4, 0, 4, 7,
         9, 3, 5, 7, 5, 7, 6, 5, 3, 4, 4, 7, 7, 6, 4, 5, 0, 9, 2, 2, 6, 3, 4, 3,
         2, 9, 7, 4, 0, 6, 7, 2, 0, 2, 7, 7, 1, 5, 5, 5, 8, 4, 0, 6, 7, 1, 1, 0,
         5, 6, 9, 2, 6, 1, 9, 3, 0, 6, 1, 2, 3, 3, 0, 4, 3, 2, 1, 9, 6, 9, 7, 7,
         5, 0, 2, 6, 8, 0, 8, 8, 3, 3, 9, 4, 8, 9, 4, 1, 5, 7, 7, 5, 4, 4, 2, 2,
         0, 8, 1, 5, 3, 4, 2, 3, 9, 8, 8, 3, 7, 4, 4, 4, 2, 6, 5, 7, 9, 9, 4, 9,
         8, 6, 9, 3, 8, 3, 9, 9, 5, 1, 5, 0, 5, 1, 7, 5, 3, 2, 7, 0, 7, 3, 3, 5,
         3, 4, 1, 8, 6, 7, 4, 7, 7, 4, 8, 3, 3, 4, 8, 0, 1, 9, 2, 7, 3, 9, 0, 9,
         4, 6, 8, 7, 9, 1, 5, 5, 4, 3, 2, 0, 4, 0, 1, 6, 3, 3, 3, 1, 6, 3, 0, 6,
         6, 8, 4, 2, 5, 7, 4, 1, 5, 6, 2, 2, 2, 6, 9, 2, 7, 7, 6, 1, 4, 1, 3, 7,
         6, 5, 6, 5, 3, 6, 4, 6, 2, 1, 4, 1, 3, 6, 8, 1, 8, 6, 8, 9, 0, 2, 8, 3,
         6, 7, 4, 2, 9, 8, 1, 4, 4, 9, 6, 0, 0, 7, 0, 2, 1, 3, 6, 8, 5, 8, 1, 9,
         7, 2, 3, 1, 5, 0, 4, 4, 4, 6, 4, 2, 3, 3, 6, 0, 1, 6, 1, 0, 1, 6, 2, 2,
         9, 7, 5, 6, 7, 0, 1, 2, 2, 2, 1, 6, 8, 0, 4, 4, 8, 8, 0, 5, 1, 0, 6, 6,
         9, 4, 1, 6, 4, 3, 7, 2, 7, 7, 4, 2, 2, 2, 1, 2, 4, 8, 7, 0, 1, 3, 0, 8,
         7, 7, 4, 1, 3, 6, 0, 7, 4, 5, 4, 0, 6, 3, 9, 7, 8, 7, 7, 7, 4, 8, 3, 3,
         4, 2, 7, 3, 8, 4, 9, 8, 6, 0, 8, 6, 9, 7, 4, 7, 2, 1, 1, 6, 7, 2, 3, 0,
         3, 0, 9, 4, 7, 2, 5, 2, 0, 7, 5, 0, 9, 1, 1, 0, 4, 4, 4, 6, 3, 4, 0, 2,
         1, 4, 9, 2, 5, 1, 0, 4, 1, 4, 6, 3, 5, 2, 1, 4, 3, 6, 2, 5, 6, 8, 7, 2,
         9, 2, 3, 4, 5, 7, 3, 8, 1, 8, 4, 3, 2, 4, 3, 3, 7, 8, 5, 2, 1, 3, 1, 7,
         7, 8, 9, 6, 8, 3, 9, 9, 1, 1, 8, 7, 4, 0, 1, 9, 9, 0, 7, 0, 3, 5, 0, 4,
         1, 5, 3, 6, 6, 6, 8, 2, 3, 7, 8, 5, 8, 1, 0, 6, 2, 2, 2, 8, 6, 5, 3, 6,
         2, 3, 0, 1, 0, 1, 4, 6, 5, 3, 2, 2, 5, 9, 3, 6, 6, 6, 5, 6, 4, 7, 8, 9,
         6, 5, 2, 7, 4, 4, 4, 5, 2, 2, 3, 8, 9, 8, 6, 2, 2, 2, 9, 3, 6, 9, 9, 6,
         9, 2, 2, 4, 4, 7, 7, 6, 4, 8, 1, 1, 2, 1, 4, 8, 1, 7, 7, 1, 2, 9, 8, 2,
         7, 7, 9, 5, 0, 6, 1, 4, 4, 7, 9, 0, 6, 3, 6, 7, 2, 4, 7, 7, 1, 9, 0, 9,
         3, 2, 7, 9, 4, 0, 8, 3, 9, 6, 4, 3, 7, 5, 9, 7, 9, 4, 2, 3, 7, 4, 4, 6,
         9, 2, 3, 1, 3, 4, 2, 9, 7, 1, 1, 1, 5, 5, 5, 7, 1, 0, 9, 3, 4, 8, 0, 9,
         0, 0, 5, 1, 7, 3, 5, 7, 1, 6, 3, 1, 3, 0, 3, 5, 2, 4, 7, 1, 0, 1, 3, 4,
         0, 2, 3, 2, 3, 7, 0, 7, 1, 4, 5, 7, 3, 9, 5, 9, 5, 8, 5, 7, 5, 4, 3, 1,
         6, 5, 7, 2, 6, 5, 9, 0, 1, 7, 2, 5, 1, 0, 4, 3, 1, 7, 0, 9, 3, 0, 6, 4,
         2, 2, 7, 6, 6, 3, 8, 2, 4, 8, 7, 4, 8, 4, 2, 6, 3, 0, 7, 4, 6, 0, 7, 9,
         2, 7, 4, 2, 7, 5, 4, 2, 4, 6, 3, 1, 3, 4, 4, 0, 6, 0, 2, 4, 5, 4, 9, 4,
         9, 5, 9, 3, 6, 3, 8, 5, 1, 3, 3, 4, 0, 6, 0, 1, 1, 2, 6, 4, 3, 7, 9, 4,
         9, 2, 4, 9, 8, 1, 6, 8, 1, 5, 6, 2, 8, 1, 7, 5, 0, 0, 3, 3, 2, 4, 3, 2,
         9, 0, 4, 9, 7, 3, 4, 4, 2, 0, 7, 5, 8, 8, 4, 4, 7, 1, 3, 0, 4, 5, 8, 3,
         8, 0, 9, 0, 3, 1, 2, 7, 7, 9, 9, 9, 6, 5, 4, 8, 8, 2, 1, 4, 5, 8, 6, 8,
         2, 5, 0, 7, 7, 7, 4, 2, 0, 6, 6, 1, 1, 4, 6, 9, 1, 5, 7, 5, 2, 5, 1, 3,
         2, 1, 5, 6, 5, 1, 9, 9, 2, 8, 4, 9, 2, 0, 6, 8]])
    (0, 1)
        (0, 1, 0)
            labels
                Tensor: tensor([  2,  22,  26,  30,  39,  80,  99, 102, 112, 120, 133, 169, 170, 207,
        217, 225, 240, 241, 249, 262, 271, 292, 302, 316, 340, 375, 376, 392,
        399, 419, 446, 447, 448, 449, 451, 457, 458, 473, 477, 479, 493, 500,
        514, 528, 535, 542, 545, 549, 563, 567, 570, 580, 602, 604, 606, 614,
        618, 631, 634, 648, 668, 672, 678, 683, 690, 694, 697, 699, 701, 711,
        727, 728, 731, 733, 741, 755, 769, 770, 775, 784, 788, 791, 792, 799,
        806, 820, 842, 853, 856, 862, 865, 870, 881, 882, 885, 891, 896, 898,
        915, 933, 957, 968, 971, 982, 995])
            weights
                Tensor: tensor([1.1755e-38, 8.4059e-01, 1.8738e-39, 1.5941e-01, 4.7507e-09, 4.7507e-09,
        0.0000e+00, 0.0000e+00, 2.8316e-16, 0.0000e+00])
            true_labels
                Tensor: tensor([3, 1, 0, 2, 5, 8, 7, 6, 0, 2, 5, 0, 2, 4, 6, 1, 3, 4, 4, 0, 5, 5, 9, 3,
        9, 0, 1, 2, 4, 2, 9, 7, 8, 7, 7, 2, 7, 1, 2, 0, 1, 3, 6, 9, 8, 3, 8, 3,
        7, 9, 7, 6, 0, 0, 4, 3, 5, 5, 3, 9, 2, 7, 1, 0, 7, 0, 2, 9, 0, 7, 9, 7,
        1, 5, 8, 1, 2, 3, 7, 5, 5, 1, 6, 0, 4, 6, 4, 4, 6, 9, 5, 8, 2, 6, 7, 9,
        1, 6, 9, 5, 8, 0, 1, 1, 9])
        (0, 1, 1)
            labels
                Tensor: tensor([  0,  60,  89, 107, 348, 411, 463, 569, 590, 613, 665, 736, 808, 810,
        812])
            weights
                Tensor: tensor([1.1755e-38, 7.4068e-01, 3.0483e-39, 2.5932e-01, 7.7284e-09, 7.7284e-09,
        0.0000e+00, 0.0000e+00, 4.6065e-16, 0.0000e+00])
            true_labels
                Tensor: tensor([0, 3, 0, 7, 0, 6, 8, 0, 0, 9, 7, 1, 1, 0, 3])
        (0, 1, 2)
            labels
                Tensor: tensor([132, 466, 873])
            weights
                Tensor: tensor([1.1755e-38, 8.2593e-01, 2.0462e-39, 1.7407e-01, 5.1877e-09, 5.1877e-09,
        0.0000e+00, 0.0000e+00, 3.0921e-16, 0.0000e+00])
            true_labels
                Tensor: tensor([1, 8, 3])
        (0, 1, 3)
            labels
                None
            weights
                Tensor: tensor([1.1755e-38, 1.0000e+00, 2.8026e-44, 2.4438e-06, 9.9127e-17, 0.0000e+00,
        0.0000e+00, 7.2781e-14, 7.2781e-14, 2.1690e-21])
            true_labels
                Tensor: tensor([[0, 7, 3, 2, 7, 7, 8, 0, 7, 3, 4, 5, 8, 7, 9, 8, 8, 9, 4, 4, 7, 6, 1, 6,
         9, 2, 0, 4, 1, 2, 2, 3, 2, 1, 8, 6, 5, 5, 6, 5, 4, 3, 7, 7, 5, 4, 1, 9,
         6, 5, 1, 0, 5, 2, 6, 2, 0, 8, 5, 4, 3, 3, 7, 1, 4, 7, 9, 3, 0, 9, 6, 6,
         4, 8, 7, 9, 6, 1, 3, 0, 8, 5, 4, 1, 2, 3, 8, 1, 4, 0, 4, 9, 4, 0, 4, 7,
         9, 3, 5, 7, 5, 7, 6, 5, 3, 4, 4, 7, 7, 6, 4, 5, 0, 9, 2, 2, 6, 3, 4, 3,
         2, 9, 7, 4, 0, 6, 7, 2, 0, 2, 7, 7, 1, 5, 5, 5, 8, 4, 0, 6, 7, 1, 1, 0,
         5, 6, 9, 2, 6, 1, 9, 3, 0, 6, 1, 2, 3, 3, 0, 4, 3, 2, 1, 9, 6, 9, 7, 7,
         5, 0, 2, 6, 8, 0, 8, 8, 3, 3, 9, 4, 8, 9, 4, 1, 5, 7, 7, 5, 4, 4, 2, 2,
         0, 8, 1, 5, 3, 4, 2, 3, 9, 8, 8, 3, 7, 4, 4, 4, 2, 6, 5, 7, 9, 9, 4, 9,
         8, 6, 9, 3, 8, 3, 9, 9, 5, 1, 5, 0, 5, 1, 7, 5, 3, 2, 7, 0, 7, 3, 3, 5,
         3, 4, 1, 8, 6, 7, 4, 7, 7, 4, 8, 3, 3, 4, 8, 0, 1, 9, 2, 7, 3, 9, 0, 9,
         4, 6, 8, 7, 9, 1, 5, 5, 4, 3, 2, 0, 4, 0, 1, 6, 3, 3, 3, 1, 6, 3, 0, 6,
         6, 8, 4, 2, 5, 7, 4, 1, 5, 6, 2, 2, 2, 6, 9, 2, 7, 7, 6, 1, 4, 1, 3, 7,
         6, 5, 6, 5, 3, 6, 4, 6, 2, 1, 4, 1, 3, 6, 8, 1, 8, 6, 8, 9, 0, 2, 8, 3,
         6, 7, 4, 2, 9, 8, 1, 4, 4, 9, 6, 0, 0, 7, 0, 2, 1, 3, 6, 8, 5, 8, 1, 9,
         7, 2, 3, 1, 5, 0, 4, 4, 4, 6, 4, 2, 3, 3, 6, 0, 1, 6, 1, 0, 1, 6, 2, 2,
         9, 7, 5, 6, 7, 0, 1, 2, 2, 2, 1, 6, 8, 0, 4, 4, 8, 8, 0, 5, 1, 0, 6, 6,
         9, 4, 1, 6, 4, 3, 7, 2, 7, 7, 4, 2, 2, 2, 1, 2, 4, 8, 7, 0, 1, 3, 0, 8,
         7, 7, 4, 1, 3, 6, 0, 7, 4, 5, 4, 0, 6, 3, 9, 7, 8, 7, 7, 7, 4, 8, 3, 3,
         4, 2, 7, 3, 8, 4, 9, 8, 6, 0, 8, 6, 9, 7, 4, 7, 2, 1, 1, 6, 7, 2, 3, 0,
         3, 0, 9, 4, 7, 2, 5, 2, 0, 7, 5, 0, 9, 1, 1, 0, 4, 4, 4, 6, 3, 4, 0, 2,
         1, 4, 9, 2, 5, 1, 0, 4, 1, 4, 6, 3, 5, 2, 1, 4, 3, 6, 2, 5, 6, 8, 7, 2,
         9, 2, 3, 4, 5, 7, 3, 8, 1, 8, 4, 3, 2, 4, 3, 3, 7, 8, 5, 2, 1, 3, 1, 7,
         7, 8, 9, 6, 8, 3, 9, 9, 1, 1, 8, 7, 4, 0, 1, 9, 9, 0, 7, 0, 3, 5, 0, 4,
         1, 5, 3, 6, 6, 6, 8, 2, 3, 7, 8, 5, 8, 1, 0, 6, 2, 2, 2, 8, 6, 5, 3, 6,
         2, 3, 0, 1, 0, 1, 4, 6, 5, 3, 2, 2, 5, 9, 3, 6, 6, 6, 5, 6, 4, 7, 8, 9,
         6, 5, 2, 7, 4, 4, 4, 5, 2, 2, 3, 8, 9, 8, 6, 2, 2, 2, 9, 3, 6, 9, 9, 6,
         9, 2, 2, 4, 4, 7, 7, 6, 4, 8, 1, 1, 2, 1, 4, 8, 1, 7, 7, 1, 2, 9, 8, 2,
         7, 7, 9, 5, 0, 6, 1, 4, 4, 7, 9, 0, 6, 3, 6, 7, 2, 4, 7, 7, 1, 9, 0, 9,
         3, 2, 7, 9, 4, 0, 8, 3, 9, 6, 4, 3, 7, 5, 9, 7, 9, 4, 2, 3, 7, 4, 4, 6,
         9, 2, 3, 1, 3, 4, 2, 9, 7, 1, 1, 1, 5, 5, 5, 7, 1, 0, 9, 3, 4, 8, 0, 9,
         0, 0, 5, 1, 7, 3, 5, 7, 1, 6, 3, 1, 3, 0, 3, 5, 2, 4, 7, 1, 0, 1, 3, 4,
         0, 2, 3, 2, 3, 7, 0, 7, 1, 4, 5, 7, 3, 9, 5, 9, 5, 8, 5, 7, 5, 4, 3, 1,
         6, 5, 7, 2, 6, 5, 9, 0, 1, 7, 2, 5, 1, 0, 4, 3, 1, 7, 0, 9, 3, 0, 6, 4,
         2, 2, 7, 6, 6, 3, 8, 2, 4, 8, 7, 4, 8, 4, 2, 6, 3, 0, 7, 4, 6, 0, 7, 9,
         2, 7, 4, 2, 7, 5, 4, 2, 4, 6, 3, 1, 3, 4, 4, 0, 6, 0, 2, 4, 5, 4, 9, 4,
         9, 5, 9, 3, 6, 3, 8, 5, 1, 3, 3, 4, 0, 6, 0, 1, 1, 2, 6, 4, 3, 7, 9, 4,
         9, 2, 4, 9, 8, 1, 6, 8, 1, 5, 6, 2, 8, 1, 7, 5, 0, 0, 3, 3, 2, 4, 3, 2,
         9, 0, 4, 9, 7, 3, 4, 4, 2, 0, 7, 5, 8, 8, 4, 4, 7, 1, 3, 0, 4, 5, 8, 3,
         8, 0, 9, 0, 3, 1, 2, 7, 7, 9, 9, 9, 6, 5, 4, 8, 8, 2, 1, 4, 5, 8, 6, 8,
         2, 5, 0, 7, 7, 7, 4, 2, 0, 6, 6, 1, 1, 4, 6, 9, 1, 5, 7, 5, 2, 5, 1, 3,
         2, 1, 5, 6, 5, 1, 9, 9, 2, 8, 4, 9, 2, 0, 6, 8]])
    (0, 2)
        (0, 2, 0)
            labels
                Tensor: tensor([ 41,  44,  83, 144, 146, 174, 236, 242, 253, 254, 469, 551, 576, 621,
        655, 689, 698, 768, 861, 900, 930])
            weights
                Tensor: tensor([1.1755e-38, 7.2059e-01, 3.2844e-39, 2.7941e-01, 8.3271e-09, 8.3271e-09,
        0.0000e+00, 0.0000e+00, 4.9633e-16, 0.0000e+00])
            true_labels
                Tensor: tensor([3, 5, 1, 5, 9, 8, 7, 1, 4, 8, 7, 7, 1, 7, 6, 4, 7, 0, 4, 8, 3])
(1,)
    (1, 0)
        (1, 0, 0)
            labels
                Tensor: tensor([171, 195, 718, 780])
            weights
                Tensor: tensor([1.1755e-38, 1.0000e+00, 0.0000e+00, 2.9802e-08, 2.9802e-08, 1.7764e-15,
        5.2940e-23, 5.2940e-23, 0.0000e+00, 3.1554e-30])
            true_labels
                Tensor: tensor([6, 5, 4, 3])
Reconstruction Difference:  tensor(0.4587)
